4,001 4.95583 : 0704.0142(3,1) 
4,002 4.95583 : 0704.0142(1,0) 
4,003 4.95583 : 0704.0142(1,0) 
4,004 4.95583 : 0704.0142(1,0) 
4,005 4.95583 : 0704.0142(1,0) 
4,006 4.95583 : 0704.0142(1,0) 
4,007 4.95583 : 0704.0142(1,0) 
4,008 4.95583 : 0704.0142(2,0) 
4,009 4.95583 : 0704.0142(2,0) 
4,010 4.95583 : 0704.0142(1,0) 
4,011 4.95583 : 0704.0142(1,0) 
4,012 4.95583 : 0704.0142(1,0) 
4,013 4.95583 : 0704.0142(1,0) 
4,014 4.95583 : 0704.0142(1,0) 
4,015 4.95583 : 0704.0142(1,0) 
4,016 4.95583 : 0704.0142(2,2) 
