3,201 4.95583 : 0704.0099(2,2) 
3,202 4.95583 : 0704.0099(2,2) 
3,203 4.95583 : 0704.0099(1,2) 
3,204 4.95583 : 0704.0099(1,2) 
3,205 4.95583 : 0704.0099(1,2) 
3,206 4.26268 : 0704.0100(1,1) 0704.0138(1,0) 
3,207 3.85721 : 0704.0100(8,1) 0704.0138(4,0) 0704.0140(4,1) 
3,208 4.26268 : 0704.0100(3,0) 0704.0137(2,1) 
3,209 4.26268 : 0704.0100(1,0) 0704.0133(1,0) 
3,210 4.26268 : 0704.0100(3,0) 0704.0138(6,1) 
3,211 3.85721 : 0704.0100(1,0) 0704.0116(1,1) 0704.0129(1,0) 
3,212 4.95583 : 0704.0100(1,0) 
3,213 4.95583 : 0704.0100(2,0) 
3,214 4.95583 : 0704.0100(1,0) 
3,215 4.26268 : 0704.0100(1,0) 0704.0120(1,0) 
3,216 4.95583 : 0704.0100(1,0) 
3,217 4.95583 : 0704.0100(2,0) 
3,218 4.95583 : 0704.0100(1,0) 
3,219 4.95583 : 0704.0100(1,0) 
3,220 3.85721 : 0704.0100(1,0) 0704.0132(1,0) 0704.0138(1,0) 
3,221 4.95583 : 0704.0100(1,0) 
3,222 4.95583 : 0704.0100(1,0) 
3,223 4.95583 : 0704.0100(1,0) 
3,224 4.95583 : 0704.0100(2,2) 
3,225 4.95583 : 0704.0100(2,2) 
3,226 4.95583 : 0704.0100(1,2) 
3,227 4.95583 : 0704.0100(1,2) 
3,228 4.95583 : 0704.0101(1,1) 
3,229 4.95583 : 0704.0101(1,0) 
3,230 4.95583 : 0704.0101(1,0) 
3,231 4.95583 : 0704.0101(1,0) 
3,232 4.95583 : 0704.0101(2,2) 
3,233 4.95583 : 0704.0101(2,2) 
3,234 4.95583 : 0704.0101(2,2) 
3,235 4.95583 : 0704.0101(1,2) 
3,236 4.95583 : 0704.0102(2,1) 
3,237 4.95583 : 0704.0102(2,1) 
3,238 4.95583 : 0704.0102(1,0) 
3,239 4.95583 : 0704.0102(1,0) 
3,240 4.95583 : 0704.0102(2,2) 
3,241 4.95583 : 0704.0102(2,2) 
3,242 4.95583 : 0704.0102(1,2) 
3,243 4.95583 : 0704.0102(1,2) 
3,244 4.95583 : 0704.0102(1,2) 
3,245 4.95583 : 0704.0102(1,2) 
3,246 4.95583 : 0704.0102(1,2) 
3,247 4.95583 : 0704.0103(2,1) 
3,248 4.95583 : 0704.0103(2,0) 
3,249 4.95583 : 0704.0103(1,0) 
3,250 3.85721 : 0704.0103(2,0) 0704.0136(2,0) 0704.0138(2,0) 
3,251 4.95583 : 0704.0103(1,0) 
3,252 4.95583 : 0704.0103(1,0) 
3,253 4.95583 : 0704.0103(1,0) 
3,254 3.85721 : 0704.0103(1,0) 0704.0118(2,1) 0704.0126(1,1) 
3,255 4.95583 : 0704.0103(2,2) 
3,256 4.95583 : 0704.0103(2,2) 
3,257 4.95583 : 0704.0104(2,1) 
3,258 4.95583 : 0704.0104(1,0) 
3,259 4.95583 : 0704.0104(1,0) 
3,260 4.95583 : 0704.0104(1,0) 
3,261 4.95583 : 0704.0104(1,0) 
3,262 4.95583 : 0704.0104(1,0) 
3,263 4.95583 : 0704.0104(2,2) 
3,264 4.95583 : 0704.0104(2,2) 
3,265 4.95583 : 0704.0104(1,2) 
3,266 4.95583 : 0704.0104(1,2) 
3,267 4.95583 : 0704.0105(1,1) 
3,268 4.95583 : 0704.0105(4,1) 
3,269 4.95583 : 0704.0105(1,0) 
3,270 4.95583 : 0704.0105(1,0) 
3,271 4.95583 : 0704.0105(1,0) 
3,272 4.95583 : 0704.0105(1,0) 
3,273 4.95583 : 0704.0105(1,0) 
3,274 4.26268 : 0704.0105(1,0) 0704.0109(1,0) 
3,275 4.95583 : 0704.0105(1,0) 
3,276 4.95583 : 0704.0105(1,0) 
3,277 4.95583 : 0704.0105(1,0) 
3,278 4.95583 : 0704.0105(1,0) 
3,279 4.95583 : 0704.0105(1,0) 
3,280 4.95583 : 0704.0105(1,0) 
3,281 4.95583 : 0704.0105(1,0) 
3,282 4.95583 : 0704.0105(1,0) 
3,283 4.95583 : 0704.0105(1,0) 
3,284 4.26268 : 0704.0105(1,0) 0704.0111(1,0) 
3,285 4.95583 : 0704.0105(1,0) 
3,286 4.95583 : 0704.0105(1,0) 
3,287 4.95583 : 0704.0105(2,2) 
3,288 4.95583 : 0704.0105(1,2) 
3,289 4.95583 : 0704.0105(1,2) 
3,290 4.95583 : 0704.0106(2,1) 
3,291 4.95583 : 0704.0106(3,0) 
3,292 4.95583 : 0704.0106(4,0) 
3,293 4.95583 : 0704.0106(3,0) 
3,294 4.26268 : 0704.0106(2,0) 0704.0115(2,0) 
3,295 4.95583 : 0704.0106(1,0) 
3,296 4.95583 : 0704.0106(2,0) 
3,297 4.95583 : 0704.0106(2,0) 
3,298 4.95583 : 0704.0106(1,0) 
3,299 4.95583 : 0704.0106(1,0) 
3,300 4.95583 : 0704.0106(1,0) 
3,301 4.95583 : 0704.0106(1,0) 
3,302 4.95583 : 0704.0106(1,0) 
3,303 4.95583 : 0704.0106(1,0) 
3,304 4.95583 : 0704.0106(1,0) 
3,305 4.95583 : 0704.0106(2,0) 
3,306 4.95583 : 0704.0106(1,0) 
3,307 4.95583 : 0704.0106(1,0) 
3,308 4.95583 : 0704.0106(1,0) 
3,309 4.95583 : 0704.0106(1,0) 
3,310 4.95583 : 0704.0106(1,0) 
3,311 4.95583 : 0704.0106(1,0) 
3,312 4.95583 : 0704.0106(1,0) 
3,313 4.95583 : 0704.0106(1,0) 
3,314 4.95583 : 0704.0106(1,0) 
3,315 4.95583 : 0704.0106(1,0) 
3,316 4.95583 : 0704.0106(1,0) 
3,317 4.26268 : 0704.0106(2,2) 0704.0114(1,2) 
3,318 4.95583 : 0704.0106(2,2) 
3,319 4.95583 : 0704.0106(1,2) 
3,320 4.95583 : 0704.0106(1,2) 
3,321 3.85721 : 0704.0106(1,2) 0704.0113(1,2) 0704.0126(1,2) 
3,322 4.95583 : 0704.0107(1,0) 
3,323 4.95583 : 0704.0107(1,0) 
3,324 4.95583 : 0704.0108(1,1) 
3,325 4.95583 : 0704.0108(4,1) 
3,326 4.95583 : 0704.0108(1,0) 
3,327 4.95583 : 0704.0108(2,2) 
3,328 4.95583 : 0704.0108(2,2) 
3,329 4.95583 : 0704.0109(4,1) 
3,330 4.95583 : 0704.0109(4,1) 
3,331 4.95583 : 0704.0109(4,1) 
3,332 4.95583 : 0704.0109(1,0) 
3,333 4.95583 : 0704.0109(3,0) 
3,334 4.95583 : 0704.0109(1,0) 
3,335 4.95583 : 0704.0109(1,0) 
3,336 4.95583 : 0704.0109(1,0) 
3,337 4.26268 : 0704.0109(2,0) 0704.0132(1,0) 
3,338 3.85721 : 0704.0109(1,0) 0704.0132(1,0) 0704.0138(1,0) 
3,339 4.95583 : 0704.0109(1,0) 
3,340 4.95583 : 0704.0109(1,0) 
3,341 4.95583 : 0704.0109(1,0) 
3,342 4.95583 : 0704.0109(1,0) 
3,343 4.95583 : 0704.0109(1,0) 
3,344 4.95583 : 0704.0109(1,0) 
3,345 4.95583 : 0704.0109(1,0) 
3,346 4.95583 : 0704.0109(1,0) 
3,347 4.95583 : 0704.0109(1,0) 
3,348 4.95583 : 0704.0109(2,2) 
3,349 4.95583 : 0704.0109(2,2) 
3,350 4.95583 : 0704.0109(1,2) 
3,351 4.95583 : 0704.0109(1,2) 
3,352 4.95583 : 0704.0109(1,2) 
3,353 4.95583 : 0704.0109(1,2) 
3,354 4.95583 : 0704.0109(1,2) 
3,355 4.95583 : 0704.0109(1,2) 
3,356 4.95583 : 0704.0110(2,1) 
3,357 4.95583 : 0704.0110(1,0) 
3,358 4.95583 : 0704.0110(4,0) 
3,359 4.95583 : 0704.0110(2,0) 
3,360 4.95583 : 0704.0110(1,0) 
3,361 4.95583 : 0704.0111(3,1) 
3,362 4.95583 : 0704.0111(2,1) 
3,363 4.26268 : 0704.0111(3,0) 0704.0121(4,0) 
3,364 4.95583 : 0704.0111(1,0) 
3,365 4.95583 : 0704.0111(1,0) 
3,366 4.95583 : 0704.0111(1,0) 
3,367 4.95583 : 0704.0111(1,0) 
3,368 4.95583 : 0704.0112(1,1) 
3,369 4.95583 : 0704.0112(1,1) 
3,370 4.95583 : 0704.0113(2,1) 
3,371 4.95583 : 0704.0113(2,1) 
3,372 4.95583 : 0704.0113(3,1) 
3,373 4.95583 : 0704.0113(1,1) 
3,374 4.95583 : 0704.0113(2,1) 
3,375 4.95583 : 0704.0113(2,1) 
3,376 4.95583 : 0704.0113(2,1) 
3,377 4.95583 : 0704.0113(1,0) 
3,378 4.26268 : 0704.0113(1,0) 0704.0119(2,0) 
3,379 4.95583 : 0704.0113(1,0) 
3,380 4.95583 : 0704.0113(1,0) 
3,381 4.95583 : 0704.0113(1,0) 
3,382 4.95583 : 0704.0113(1,0) 
3,383 4.95583 : 0704.0113(8,0) 
3,384 3.85721 : 0704.0113(1,0) 0704.0118(1,0) 0704.0127(1,0) 
3,385 4.95583 : 0704.0113(1,0) 
3,386 4.95583 : 0704.0113(1,0) 
3,387 4.95583 : 0704.0113(1,0) 
3,388 4.95583 : 0704.0113(1,0) 
3,389 4.95583 : 0704.0113(1,0) 
3,390 4.95583 : 0704.0113(1,0) 
3,391 4.95583 : 0704.0113(1,0) 
3,392 4.95583 : 0704.0113(2,0) 
3,393 4.95583 : 0704.0113(1,0) 
3,394 4.95583 : 0704.0113(1,0) 
3,395 4.95583 : 0704.0113(1,0) 
3,396 4.95583 : 0704.0113(1,0) 
3,397 4.95583 : 0704.0113(1,0) 
3,398 4.95583 : 0704.0113(1,0) 
3,399 4.95583 : 0704.0113(1,0) 
3,400 4.95583 : 0704.0113(1,0) 
3,401 4.95583 : 0704.0113(1,0) 
3,402 4.95583 : 0704.0113(1,0) 
3,403 4.95583 : 0704.0113(1,0) 
3,404 4.26268 : 0704.0113(1,0) 0704.0127(1,0) 
3,405 4.95583 : 0704.0113(1,0) 
3,406 4.95583 : 0704.0113(1,0) 
3,407 4.95583 : 0704.0113(1,0) 
3,408 4.95583 : 0704.0113(1,0) 
3,409 4.95583 : 0704.0113(1,0) 
3,410 4.95583 : 0704.0113(1,0) 
3,411 4.95583 : 0704.0113(1,0) 
3,412 4.95583 : 0704.0113(1,0) 
3,413 4.95583 : 0704.0113(1,0) 
3,414 4.95583 : 0704.0113(1,0) 
3,415 4.95583 : 0704.0113(1,0) 
3,416 4.95583 : 0704.0113(1,0) 
3,417 4.95583 : 0704.0113(2,2) 
3,418 4.95583 : 0704.0113(1,2) 
3,419 4.95583 : 0704.0113(1,2) 
3,420 4.95583 : 0704.0113(1,2) 
3,421 4.95583 : 0704.0113(1,2) 
3,422 4.95583 : 0704.0113(1,2) 
3,423 4.95583 : 0704.0113(1,2) 
3,424 4.95583 : 0704.0113(1,2) 
3,425 4.95583 : 0704.0113(1,2) 
3,426 4.95583 : 0704.0113(1,2) 
3,427 4.95583 : 0704.0114(2,1) 
3,428 4.95583 : 0704.0114(1,0) 
3,429 4.95583 : 0704.0114(1,0) 
3,430 4.95583 : 0704.0114(1,0) 
3,431 4.95583 : 0704.0114(1,0) 
3,432 4.95583 : 0704.0114(1,0) 
3,433 4.26268 : 0704.0114(1,0) 0704.0119(1,0) 
3,434 4.95583 : 0704.0114(1,0) 
3,435 4.95583 : 0704.0114(2,0) 
3,436 4.95583 : 0704.0114(1,0) 
3,437 4.95583 : 0704.0114(1,0) 
3,438 4.95583 : 0704.0114(1,0) 
3,439 4.95583 : 0704.0114(2,0) 
3,440 4.95583 : 0704.0114(1,0) 
3,441 4.95583 : 0704.0114(3,0) 
3,442 4.95583 : 0704.0114(1,0) 
3,443 4.95583 : 0704.0114(1,0) 
3,444 4.95583 : 0704.0114(1,0) 
3,445 4.95583 : 0704.0114(1,0) 
3,446 4.95583 : 0704.0114(1,0) 
3,447 4.26268 : 0704.0114(1,0) 0704.0120(1,0) 
3,448 4.95583 : 0704.0114(2,2) 
3,449 4.95583 : 0704.0114(1,2) 
3,450 4.95583 : 0704.0114(1,2) 
3,451 4.95583 : 0704.0114(1,2) 
3,452 4.95583 : 0704.0114(1,2) 
3,453 4.95583 : 0704.0114(1,2) 
3,454 4.95583 : 0704.0115(2,1) 
3,455 4.95583 : 0704.0115(2,0) 
3,456 4.95583 : 0704.0115(1,0) 
3,457 4.95583 : 0704.0115(1,0) 
3,458 4.95583 : 0704.0115(2,2) 
3,459 4.95583 : 0704.0116(1,1) 
3,460 4.26268 : 0704.0116(2,1) 0704.0129(1,0) 
3,461 4.95583 : 0704.0116(1,0) 
3,462 4.95583 : 0704.0116(1,0) 
3,463 4.95583 : 0704.0116(1,0) 
3,464 4.95583 : 0704.0116(4,0) 
3,465 4.95583 : 0704.0116(1,0) 
3,466 4.95583 : 0704.0116(1,0) 
3,467 4.95583 : 0704.0116(2,2) 
3,468 4.95583 : 0704.0116(2,2) 
3,469 4.95583 : 0704.0116(2,2) 
3,470 4.95583 : 0704.0116(1,2) 
3,471 4.95583 : 0704.0116(1,2) 
3,472 4.95583 : 0704.0116(1,2) 
3,473 4.95583 : 0704.0117(1,1) 
3,474 4.26268 : 0704.0117(2,1) 0704.0138(1,0) 
3,475 4.26268 : 0704.0117(2,1) 0704.0135(2,1) 
3,476 4.95583 : 0704.0117(1,0) 
3,477 4.95583 : 0704.0117(1,0) 
3,478 4.95583 : 0704.0117(1,0) 
3,479 4.95583 : 0704.0117(1,0) 
3,480 4.95583 : 0704.0117(1,0) 
3,481 4.95583 : 0704.0117(1,0) 
3,482 4.95583 : 0704.0117(5,0) 
3,483 4.95583 : 0704.0117(1,0) 
3,484 4.95583 : 0704.0117(1,0) 
3,485 4.26268 : 0704.0117(1,0) 0704.0131(1,0) 
3,486 4.95583 : 0704.0117(1,2) 
3,487 4.95583 : 0704.0117(2,2) 
3,488 4.95583 : 0704.0118(1,1) 
3,489 4.95583 : 0704.0118(5,1) 
3,490 4.26268 : 0704.0118(1,1) 0704.0119(1,0) 
3,491 4.95583 : 0704.0118(5,1) 
3,492 4.26268 : 0704.0118(3,1) 0704.0126(2,1) 
3,493 4.95583 : 0704.0118(1,0) 
3,494 4.95583 : 0704.0118(1,0) 
3,495 4.95583 : 0704.0118(1,0) 
3,496 4.95583 : 0704.0118(1,0) 
3,497 4.26268 : 0704.0118(1,0) 0704.0120(2,0) 
3,498 4.26268 : 0704.0118(1,0) 0704.0134(1,0) 
3,499 4.26268 : 0704.0118(1,0) 0704.0138(1,0) 
3,500 4.95583 : 0704.0118(1,0) 
3,501 4.95583 : 0704.0118(1,0) 
3,502 4.95583 : 0704.0118(3,0) 
3,503 4.95583 : 0704.0118(1,0) 
3,504 4.95583 : 0704.0118(1,0) 
3,505 4.95583 : 0704.0118(1,0) 
3,506 4.95583 : 0704.0118(1,0) 
3,507 4.95583 : 0704.0118(1,0) 
3,508 4.26268 : 0704.0118(1,0) 0704.0132(1,0) 
3,509 4.95583 : 0704.0118(1,0) 
3,510 4.95583 : 0704.0118(1,0) 
3,511 4.95583 : 0704.0118(2,2) 
3,512 4.95583 : 0704.0118(1,2) 
3,513 4.95583 : 0704.0119(2,1) 
3,514 4.95583 : 0704.0119(1,1) 
3,515 4.95583 : 0704.0119(4,1) 
3,516 4.95583 : 0704.0119(1,0) 
3,517 4.95583 : 0704.0119(1,0) 
3,518 4.95583 : 0704.0119(1,0) 
3,519 4.95583 : 0704.0119(1,0) 
3,520 4.95583 : 0704.0119(1,0) 
3,521 4.95583 : 0704.0119(2,0) 
3,522 4.95583 : 0704.0119(1,0) 
3,523 4.95583 : 0704.0119(1,0) 
3,524 4.95583 : 0704.0119(1,0) 
3,525 4.95583 : 0704.0119(1,0) 
3,526 4.95583 : 0704.0119(1,0) 
3,527 4.26268 : 0704.0119(2,0) 0704.0123(1,0) 
3,528 4.95583 : 0704.0119(2,0) 
3,529 4.26268 : 0704.0119(1,0) 0704.0126(1,0) 
3,530 4.95583 : 0704.0119(1,0) 
3,531 4.95583 : 0704.0119(1,0) 
3,532 4.95583 : 0704.0119(1,2) 
3,533 4.95583 : 0704.0119(2,2) 
3,534 4.95583 : 0704.0119(1,2) 
3,535 4.95583 : 0704.0119(1,2) 
3,536 4.95583 : 0704.0120(4,1) 
3,537 4.26268 : 0704.0120(1,0) 0704.0131(1,0) 
3,538 4.95583 : 0704.0120(1,0) 
3,539 4.95583 : 0704.0120(1,0) 
3,540 4.95583 : 0704.0120(1,0) 
3,541 4.95583 : 0704.0120(1,0) 
3,542 4.95583 : 0704.0120(1,2) 
3,543 4.95583 : 0704.0120(1,2) 
3,544 4.95583 : 0704.0120(1,2) 
3,545 4.95583 : 0704.0120(1,2) 
3,546 4.26268 : 0704.0120(1,2) 0704.0126(1,2) 
3,547 4.95583 : 0704.0120(1,2) 
3,548 4.26268 : 0704.0120(1,2) 0704.0126(1,2) 
3,549 4.95583 : 0704.0120(1,2) 
3,550 4.95583 : 0704.0120(1,2) 
3,551 4.95583 : 0704.0120(1,2) 
3,552 4.26268 : 0704.0120(1,2) 0704.0126(2,2) 
3,553 4.26268 : 0704.0121(2,1) 0704.0138(2,0) 
3,554 4.95583 : 0704.0121(2,0) 
3,555 4.95583 : 0704.0121(2,0) 
3,556 4.95583 : 0704.0121(1,0) 
3,557 4.95583 : 0704.0121(2,0) 
3,558 4.95583 : 0704.0121(1,0) 
3,559 4.95583 : 0704.0121(1,0) 
3,560 4.95583 : 0704.0121(1,0) 
3,561 4.95583 : 0704.0121(1,0) 
3,562 4.95583 : 0704.0121(1,0) 
3,563 4.95583 : 0704.0121(1,0) 
3,564 4.95583 : 0704.0121(1,0) 
3,565 4.26268 : 0704.0121(1,0) 0704.0131(1,0) 
3,566 4.95583 : 0704.0121(2,2) 
3,567 4.95583 : 0704.0121(2,2) 
3,568 4.95583 : 0704.0122(1,0) 
3,569 4.95583 : 0704.0122(1,0) 
3,570 4.95583 : 0704.0122(1,0) 
3,571 4.95583 : 0704.0122(1,0) 
3,572 4.95583 : 0704.0122(1,0) 
3,573 4.95583 : 0704.0122(1,0) 
3,574 4.95583 : 0704.0122(1,0) 
3,575 4.95583 : 0704.0122(1,0) 
3,576 4.95583 : 0704.0122(1,0) 
3,577 4.95583 : 0704.0122(1,0) 
3,578 4.95583 : 0704.0122(1,2) 
3,579 4.95583 : 0704.0122(2,2) 
3,580 4.95583 : 0704.0122(1,2) 
3,581 4.95583 : 0704.0122(1,2) 
3,582 4.95583 : 0704.0122(1,2) 
3,583 4.95583 : 0704.0122(1,2) 
3,584 4.95583 : 0704.0123(5,1) 
3,585 4.95583 : 0704.0123(1,1) 
3,586 4.95583 : 0704.0123(3,1) 
3,587 4.95583 : 0704.0123(2,1) 
3,588 4.95583 : 0704.0123(2,1) 
3,589 4.95583 : 0704.0123(5,0) 
3,590 4.95583 : 0704.0123(1,0) 
3,591 4.95583 : 0704.0123(2,0) 
3,592 4.95583 : 0704.0123(2,0) 
3,593 4.95583 : 0704.0123(1,0) 
3,594 4.95583 : 0704.0123(1,0) 
3,595 4.95583 : 0704.0123(1,0) 
3,596 4.95583 : 0704.0123(2,0) 
3,597 4.95583 : 0704.0123(1,0) 
3,598 4.95583 : 0704.0123(2,0) 
3,599 4.26268 : 0704.0123(1,0) 0704.0136(2,0) 
3,600 4.95583 : 0704.0123(2,0) 
3,601 4.95583 : 0704.0123(1,0) 
3,602 4.95583 : 0704.0123(1,0) 
3,603 4.95583 : 0704.0123(1,0) 
3,604 4.95583 : 0704.0123(1,0) 
3,605 4.95583 : 0704.0123(1,0) 
3,606 4.95583 : 0704.0123(1,0) 
3,607 4.95583 : 0704.0123(1,0) 
3,608 4.95583 : 0704.0123(1,0) 
3,609 4.95583 : 0704.0123(2,2) 
3,610 4.95583 : 0704.0124(2,1) 
3,611 4.95583 : 0704.0124(1,1) 
3,612 4.95583 : 0704.0124(1,0) 
3,613 4.95583 : 0704.0124(1,0) 
3,614 4.95583 : 0704.0124(1,0) 
3,615 4.95583 : 0704.0124(2,2) 
3,616 4.95583 : 0704.0124(1,2) 
3,617 4.95583 : 0704.0124(1,2) 
3,618 4.95583 : 0704.0124(1,2) 
3,619 4.95583 : 0704.0124(1,2) 
3,620 4.95583 : 0704.0125(2,1) 
3,621 4.95583 : 0704.0125(2,1) 
3,622 4.26268 : 0704.0125(1,1) 0704.0137(1,0) 
3,623 4.95583 : 0704.0125(1,0) 
3,624 4.95583 : 0704.0125(1,0) 
3,625 4.26268 : 0704.0125(1,0) 0704.0130(1,0) 
3,626 4.95583 : 0704.0125(1,0) 
3,627 3.85721 : 0704.0125(1,0) 0704.0131(1,0) 0704.0138(1,0) 
3,628 4.95583 : 0704.0125(1,0) 
3,629 4.95583 : 0704.0125(2,2) 
3,630 4.95583 : 0704.0125(2,2) 
3,631 4.95583 : 0704.0125(1,2) 
3,632 3.85721 : 0704.0126(4,1) 0704.0127(3,0) 0704.0137(1,0) 
3,633 4.95583 : 0704.0126(2,1) 
3,634 4.95583 : 0704.0126(1,0) 
3,635 4.95583 : 0704.0126(1,0) 
3,636 4.95583 : 0704.0126(3,0) 
3,637 4.95583 : 0704.0126(2,0) 
3,638 4.95583 : 0704.0126(1,0) 
3,639 4.26268 : 0704.0126(2,0) 0704.0128(8,1) 
3,640 4.95583 : 0704.0126(1,0) 
3,641 4.95583 : 0704.0126(1,0) 
3,642 4.95583 : 0704.0126(1,0) 
3,643 4.26268 : 0704.0126(1,0) 0704.0127(1,0) 
3,644 4.95583 : 0704.0126(1,0) 
3,645 4.95583 : 0704.0126(1,0) 
3,646 4.95583 : 0704.0126(1,0) 
3,647 4.95583 : 0704.0126(2,2) 
3,648 4.95583 : 0704.0126(1,2) 
3,649 4.95583 : 0704.0126(1,2) 
3,650 4.95583 : 0704.0126(1,2) 
3,651 4.95583 : 0704.0126(1,2) 
3,652 4.95583 : 0704.0126(1,2) 
3,653 4.95583 : 0704.0126(1,2) 
3,654 4.95583 : 0704.0126(1,2) 
3,655 4.95583 : 0704.0126(1,2) 
3,656 4.95583 : 0704.0126(1,2) 
3,657 4.95583 : 0704.0126(1,2) 
3,658 4.95583 : 0704.0126(1,2) 
3,659 4.95583 : 0704.0126(1,2) 
3,660 4.95583 : 0704.0126(1,2) 
3,661 4.95583 : 0704.0127(2,1) 
3,662 4.95583 : 0704.0127(2,1) 
3,663 4.95583 : 0704.0127(4,1) 
3,664 4.95583 : 0704.0127(1,0) 
3,665 4.95583 : 0704.0127(1,0) 
3,666 4.95583 : 0704.0127(2,0) 
3,667 4.95583 : 0704.0127(1,0) 
3,668 4.95583 : 0704.0127(5,0) 
3,669 4.95583 : 0704.0127(2,0) 
3,670 4.95583 : 0704.0127(1,0) 
3,671 4.95583 : 0704.0127(1,0) 
3,672 4.95583 : 0704.0127(1,0) 
3,673 4.95583 : 0704.0127(1,0) 
3,674 4.95583 : 0704.0127(2,0) 
3,675 4.95583 : 0704.0127(1,0) 
3,676 4.95583 : 0704.0127(1,0) 
3,677 4.95583 : 0704.0127(1,0) 
3,678 4.95583 : 0704.0127(1,0) 
3,679 4.95583 : 0704.0127(2,2) 
3,680 4.95583 : 0704.0127(1,2) 
3,681 4.95583 : 0704.0127(1,2) 
3,682 4.95583 : 0704.0127(1,2) 
3,683 4.95583 : 0704.0127(1,2) 
3,684 4.95583 : 0704.0127(1,2) 
3,685 4.95583 : 0704.0127(1,2) 
3,686 4.95583 : 0704.0128(2,1) 
3,687 4.95583 : 0704.0128(3,1) 
3,688 4.95583 : 0704.0128(4,1) 
3,689 4.95583 : 0704.0128(3,1) 
3,690 4.95583 : 0704.0128(1,0) 
3,691 4.95583 : 0704.0128(2,0) 
3,692 4.95583 : 0704.0128(1,0) 
3,693 4.26268 : 0704.0128(3,0) 0704.0138(1,0) 
3,694 4.95583 : 0704.0128(1,0) 
3,695 4.95583 : 0704.0128(1,0) 
3,696 4.95583 : 0704.0128(1,0) 
3,697 4.95583 : 0704.0128(1,0) 
3,698 4.95583 : 0704.0128(1,0) 
3,699 4.95583 : 0704.0128(2,0) 
3,700 4.95583 : 0704.0128(2,0) 
3,701 4.95583 : 0704.0128(2,0) 
3,702 4.95583 : 0704.0128(1,0) 
3,703 4.95583 : 0704.0128(1,0) 
3,704 4.95583 : 0704.0128(1,0) 
3,705 4.95583 : 0704.0128(1,0) 
3,706 4.95583 : 0704.0128(1,0) 
3,707 4.95583 : 0704.0128(1,0) 
3,708 4.95583 : 0704.0128(1,0) 
3,709 4.95583 : 0704.0128(1,0) 
3,710 4.95583 : 0704.0128(1,0) 
3,711 4.95583 : 0704.0128(1,0) 
3,712 4.95583 : 0704.0128(1,0) 
3,713 4.95583 : 0704.0128(1,0) 
3,714 4.95583 : 0704.0128(1,0) 
3,715 4.95583 : 0704.0128(1,0) 
3,716 4.95583 : 0704.0128(1,0) 
3,717 4.95583 : 0704.0128(1,0) 
3,718 4.95583 : 0704.0128(1,0) 
3,719 4.95583 : 0704.0128(2,0) 
3,720 4.95583 : 0704.0128(1,0) 
3,721 4.95583 : 0704.0128(1,0) 
3,722 4.95583 : 0704.0128(1,0) 
3,723 4.95583 : 0704.0128(1,0) 
3,724 4.95583 : 0704.0128(1,0) 
3,725 4.95583 : 0704.0128(1,0) 
3,726 4.95583 : 0704.0128(1,0) 
3,727 4.95583 : 0704.0128(1,0) 
3,728 4.95583 : 0704.0128(1,2) 
3,729 4.95583 : 0704.0128(2,2) 
3,730 4.95583 : 0704.0128(1,2) 
3,731 4.95583 : 0704.0128(1,2) 
3,732 4.95583 : 0704.0128(1,2) 
3,733 4.95583 : 0704.0128(1,2) 
3,734 4.95583 : 0704.0128(1,2) 
3,735 4.95583 : 0704.0128(1,2) 
3,736 4.95583 : 0704.0128(1,2) 
3,737 4.95583 : 0704.0128(1,2) 
3,738 4.95583 : 0704.0128(1,2) 
3,739 4.95583 : 0704.0128(1,2) 
3,740 4.95583 : 0704.0128(1,2) 
3,741 4.95583 : 0704.0128(1,2) 
3,742 4.95583 : 0704.0128(1,2) 
3,743 4.95583 : 0704.0129(1,1) 
3,744 4.95583 : 0704.0129(2,1) 
3,745 4.95583 : 0704.0129(1,0) 
3,746 4.95583 : 0704.0129(1,0) 
3,747 4.95583 : 0704.0129(1,0) 
3,748 4.95583 : 0704.0129(1,0) 
3,749 4.95583 : 0704.0129(1,0) 
3,750 4.95583 : 0704.0129(2,2) 
3,751 4.95583 : 0704.0129(2,2) 
3,752 4.95583 : 0704.0130(5,1) 
3,753 4.95583 : 0704.0130(1,1) 
3,754 4.95583 : 0704.0130(1,0) 
3,755 4.95583 : 0704.0130(1,0) 
3,756 4.95583 : 0704.0130(2,0) 
3,757 4.95583 : 0704.0130(1,0) 
3,758 4.95583 : 0704.0130(1,0) 
3,759 4.95583 : 0704.0130(1,0) 
3,760 4.95583 : 0704.0130(1,0) 
3,761 4.95583 : 0704.0130(1,0) 
3,762 4.95583 : 0704.0130(1,0) 
3,763 4.95583 : 0704.0130(2,2) 
3,764 4.95583 : 0704.0130(2,2) 
3,765 4.95583 : 0704.0130(1,2) 
3,766 4.95583 : 0704.0130(1,2) 
3,767 4.95583 : 0704.0130(1,2) 
3,768 4.95583 : 0704.0131(1,0) 
3,769 4.95583 : 0704.0131(1,0) 
3,770 4.95583 : 0704.0131(1,0) 
3,771 4.95583 : 0704.0131(1,0) 
3,772 4.95583 : 0704.0131(3,2) 
3,773 4.95583 : 0704.0131(1,0) 
3,774 4.95583 : 0704.0131(1,0) 
3,775 4.95583 : 0704.0131(1,0) 
3,776 4.95583 : 0704.0131(2,0) 
3,777 4.95583 : 0704.0131(1,0) 
3,778 4.26268 : 0704.0131(1,0) 0704.0133(1,0) 
3,779 4.95583 : 0704.0131(1,0) 
3,780 4.95583 : 0704.0131(1,0) 
3,781 4.95583 : 0704.0131(1,0) 
3,782 4.95583 : 0704.0131(1,0) 
3,783 4.95583 : 0704.0131(1,0) 
3,784 4.95583 : 0704.0131(1,0) 
3,785 4.95583 : 0704.0131(1,0) 
3,786 4.95583 : 0704.0131(1,0) 
3,787 4.95583 : 0704.0131(1,0) 
3,788 4.95583 : 0704.0131(1,0) 
3,789 4.95583 : 0704.0131(1,0) 
3,790 4.95583 : 0704.0131(1,0) 
3,791 4.95583 : 0704.0131(1,2) 
3,792 4.95583 : 0704.0132(2,1) 
3,793 4.95583 : 0704.0132(2,1) 
3,794 4.95583 : 0704.0132(1,0) 
3,795 4.95583 : 0704.0132(1,0) 
3,796 4.95583 : 0704.0132(1,0) 
3,797 4.95583 : 0704.0132(1,0) 
3,798 4.95583 : 0704.0132(1,0) 
3,799 4.95583 : 0704.0132(8,0) 
3,800 4.95583 : 0704.0132(1,0) 
3,801 4.95583 : 0704.0132(1,0) 
3,802 4.95583 : 0704.0132(1,0) 
3,803 4.95583 : 0704.0132(1,0) 
3,804 4.95583 : 0704.0132(1,0) 
3,805 4.95583 : 0704.0132(1,0) 
3,806 4.95583 : 0704.0132(1,0) 
3,807 4.95583 : 0704.0132(1,2) 
3,808 4.95583 : 0704.0132(2,2) 
3,809 4.95583 : 0704.0132(1,2) 
3,810 4.95583 : 0704.0132(1,2) 
3,811 4.95583 : 0704.0132(1,2) 
3,812 4.95583 : 0704.0132(1,2) 
3,813 4.95583 : 0704.0133(3,1) 
3,814 4.95583 : 0704.0133(1,1) 
3,815 4.95583 : 0704.0133(4,1) 
3,816 4.95583 : 0704.0133(4,1) 
3,817 4.95583 : 0704.0133(2,0) 
3,818 4.95583 : 0704.0133(1,0) 
3,819 4.95583 : 0704.0133(1,0) 
3,820 4.95583 : 0704.0133(1,0) 
3,821 4.95583 : 0704.0133(1,0) 
3,822 4.95583 : 0704.0133(1,0) 
3,823 4.95583 : 0704.0133(1,0) 
3,824 4.95583 : 0704.0133(1,0) 
3,825 4.95583 : 0704.0133(1,0) 
3,826 4.95583 : 0704.0133(1,0) 
3,827 4.95583 : 0704.0133(1,0) 
3,828 4.26268 : 0704.0133(1,0) 0704.0138(1,0) 
3,829 4.95583 : 0704.0133(1,0) 
3,830 4.95583 : 0704.0133(1,0) 
3,831 4.95583 : 0704.0133(1,0) 
3,832 4.95583 : 0704.0133(1,0) 
3,833 4.95583 : 0704.0133(1,0) 
3,834 4.95583 : 0704.0133(1,0) 
3,835 4.95583 : 0704.0133(1,0) 
3,836 4.95583 : 0704.0133(1,0) 
3,837 4.95583 : 0704.0133(1,2) 
3,838 4.95583 : 0704.0133(2,2) 
3,839 4.95583 : 0704.0133(1,2) 
3,840 4.95583 : 0704.0133(1,2) 
3,841 4.95583 : 0704.0133(1,2) 
3,842 4.95583 : 0704.0133(1,2) 
3,843 4.95583 : 0704.0133(1,2) 
3,844 4.95583 : 0704.0133(1,2) 
3,845 4.95583 : 0704.0133(1,2) 
3,846 4.95583 : 0704.0133(1,2) 
3,847 4.95583 : 0704.0133(1,2) 
3,848 4.95583 : 0704.0134(3,1) 
3,849 4.95583 : 0704.0134(2,1) 
3,850 4.95583 : 0704.0134(3,1) 
3,851 4.95583 : 0704.0134(1,0) 
3,852 4.95583 : 0704.0134(1,0) 
3,853 4.95583 : 0704.0134(1,0) 
3,854 4.95583 : 0704.0134(1,0) 
3,855 4.95583 : 0704.0134(4,0) 
3,856 4.95583 : 0704.0134(1,0) 
3,857 4.95583 : 0704.0134(1,0) 
3,858 4.95583 : 0704.0134(1,0) 
3,859 4.26268 : 0704.0134(1,0) 0704.0138(2,0) 
3,860 4.95583 : 0704.0134(1,0) 
3,861 4.95583 : 0704.0134(1,0) 
3,862 4.95583 : 0704.0134(2,0) 
3,863 4.95583 : 0704.0134(1,0) 
3,864 4.95583 : 0704.0134(1,0) 
3,865 4.95583 : 0704.0134(2,2) 
3,866 4.95583 : 0704.0135(1,0) 
3,867 4.95583 : 0704.0135(1,0) 
3,868 4.95583 : 0704.0135(1,0) 
3,869 4.95583 : 0704.0135(1,0) 
3,870 4.95583 : 0704.0135(1,0) 
3,871 4.26268 : 0704.0135(1,0) 0704.0139(2,0) 
3,872 4.95583 : 0704.0135(1,0) 
3,873 4.95583 : 0704.0135(2,0) 
3,874 4.26268 : 0704.0135(2,0) 0704.0140(1,0) 
3,875 4.26268 : 0704.0135(1,0) 0704.0138(1,0) 
3,876 4.95583 : 0704.0135(1,0) 
3,877 4.95583 : 0704.0135(1,0) 
3,878 4.95583 : 0704.0135(1,0) 
3,879 4.95583 : 0704.0135(1,0) 
3,880 4.95583 : 0704.0135(1,0) 
3,881 4.95583 : 0704.0135(2,2) 
3,882 4.95583 : 0704.0135(2,2) 
3,883 4.95583 : 0704.0135(1,2) 
3,884 4.95583 : 0704.0136(2,1) 
3,885 4.95583 : 0704.0136(4,1) 
3,886 4.95583 : 0704.0136(1,0) 
3,887 4.95583 : 0704.0136(1,0) 
3,888 4.95583 : 0704.0136(1,0) 
3,889 4.95583 : 0704.0136(1,0) 
3,890 4.95583 : 0704.0136(3,0) 
3,891 4.95583 : 0704.0136(1,0) 
3,892 4.95583 : 0704.0136(1,0) 
3,893 4.95583 : 0704.0136(1,0) 
3,894 4.95583 : 0704.0136(1,0) 
3,895 4.95583 : 0704.0136(1,0) 
3,896 4.95583 : 0704.0136(1,0) 
3,897 4.95583 : 0704.0136(2,2) 
3,898 4.95583 : 0704.0136(2,2) 
3,899 4.95583 : 0704.0137(1,0) 
3,900 4.95583 : 0704.0137(1,0) 
3,901 4.95583 : 0704.0137(1,0) 
3,902 4.95583 : 0704.0137(1,0) 
3,903 4.95583 : 0704.0137(1,0) 
3,904 4.95583 : 0704.0137(1,0) 
3,905 4.26268 : 0704.0137(1,0) 0704.0141(1,0) 
3,906 4.95583 : 0704.0137(1,0) 
3,907 4.95583 : 0704.0137(1,0) 
3,908 4.95583 : 0704.0137(1,0) 
3,909 4.95583 : 0704.0137(1,0) 
3,910 4.95583 : 0704.0137(1,0) 
3,911 4.95583 : 0704.0137(1,0) 
3,912 4.95583 : 0704.0137(1,2) 
3,913 4.95583 : 0704.0137(2,2) 
3,914 4.95583 : 0704.0137(1,2) 
3,915 4.95583 : 0704.0138(6,1) 
3,916 4.95583 : 0704.0138(2,1) 
3,917 4.95583 : 0704.0138(1,0) 
3,918 4.95583 : 0704.0138(1,0) 
3,919 4.95583 : 0704.0138(3,0) 
3,920 4.95583 : 0704.0138(6,0) 
3,921 4.95583 : 0704.0138(4,0) 
3,922 4.95583 : 0704.0138(1,0) 
3,923 4.95583 : 0704.0138(1,0) 
3,924 4.95583 : 0704.0138(1,0) 
3,925 4.95583 : 0704.0138(1,0) 
3,926 4.95583 : 0704.0138(1,0) 
3,927 4.95583 : 0704.0138(2,0) 
3,928 4.95583 : 0704.0138(1,0) 
3,929 4.95583 : 0704.0138(1,0) 
3,930 4.26268 : 0704.0138(1,0) 0704.0139(1,0) 
3,931 4.95583 : 0704.0138(1,0) 
3,932 4.95583 : 0704.0138(1,0) 
3,933 4.95583 : 0704.0138(1,0) 
3,934 4.95583 : 0704.0138(1,0) 
3,935 4.95583 : 0704.0138(1,0) 
3,936 4.95583 : 0704.0138(1,0) 
3,937 4.95583 : 0704.0138(1,0) 
3,938 4.95583 : 0704.0138(1,0) 
3,939 4.95583 : 0704.0138(2,0) 
3,940 4.95583 : 0704.0138(1,0) 
3,941 4.95583 : 0704.0138(1,0) 
3,942 4.95583 : 0704.0138(2,0) 
3,943 4.95583 : 0704.0138(3,0) 
3,944 4.95583 : 0704.0138(1,0) 
3,945 4.95583 : 0704.0138(1,0) 
3,946 4.95583 : 0704.0138(1,0) 
3,947 4.95583 : 0704.0138(1,0) 
3,948 4.95583 : 0704.0138(1,0) 
3,949 4.95583 : 0704.0138(1,0) 
3,950 4.95583 : 0704.0138(2,2) 
3,951 4.95583 : 0704.0138(2,2) 
3,952 4.95583 : 0704.0138(1,2) 
3,953 4.95583 : 0704.0138(1,2) 
3,954 4.95583 : 0704.0138(1,2) 
3,955 4.95583 : 0704.0139(1,1) 
3,956 4.95583 : 0704.0139(1,0) 
3,957 4.95583 : 0704.0139(1,0) 
3,958 4.95583 : 0704.0139(1,0) 
3,959 4.95583 : 0704.0139(1,0) 
3,960 4.95583 : 0704.0139(1,0) 
3,961 4.95583 : 0704.0139(2,0) 
3,962 4.95583 : 0704.0139(1,0) 
3,963 4.95583 : 0704.0139(1,0) 
3,964 4.95583 : 0704.0139(1,0) 
3,965 4.95583 : 0704.0139(1,0) 
3,966 4.95583 : 0704.0139(1,0) 
3,967 4.95583 : 0704.0139(1,0) 
3,968 4.95583 : 0704.0139(1,0) 
3,969 4.95583 : 0704.0139(1,0) 
3,970 4.95583 : 0704.0139(1,0) 
3,971 4.95583 : 0704.0139(1,0) 
3,972 4.95583 : 0704.0139(1,2) 
3,973 4.95583 : 0704.0139(2,2) 
3,974 4.95583 : 0704.0139(1,2) 
3,975 4.95583 : 0704.0139(1,2) 
3,976 4.95583 : 0704.0139(1,2) 
3,977 4.95583 : 0704.0139(1,2) 
3,978 4.95583 : 0704.0139(1,2) 
3,979 4.95583 : 0704.0139(1,2) 
3,980 4.95583 : 0704.0139(1,2) 
3,981 4.95583 : 0704.0140(5,1) 
3,982 4.95583 : 0704.0140(1,0) 
3,983 4.95583 : 0704.0140(1,0) 
3,984 4.95583 : 0704.0140(1,0) 
3,985 4.95583 : 0704.0140(1,0) 
3,986 4.95583 : 0704.0140(2,0) 
3,987 4.95583 : 0704.0140(1,0) 
3,988 4.95583 : 0704.0140(2,0) 
3,989 4.95583 : 0704.0140(1,0) 
3,990 4.95583 : 0704.0140(1,0) 
3,991 4.95583 : 0704.0140(2,2) 
3,992 4.95583 : 0704.0140(2,2) 
3,993 4.95583 : 0704.0141(2,1) 
3,994 4.95583 : 0704.0141(1,0) 
3,995 4.95583 : 0704.0141(1,0) 
3,996 4.95583 : 0704.0141(1,0) 
3,997 4.95583 : 0704.0141(1,2) 
3,998 4.95583 : 0704.0141(2,2) 
3,999 4.95583 : 0704.0141(1,2) 
4,000 4.95583 : 0704.0142(2,1) 
