801 4.26268 : 0704.0016(1,0) 0704.0100(1,0) 
802 4.26268 : 0704.0016(1,0) 0704.0050(1,0) 
803 3.85721 : 0704.0016(1,0) 0704.0067(1,0) 0704.0083(1,0) 
804 4.95583 : 0704.0016(1,0) 
805 3.34639 : 0704.0016(3,2) 0704.0113(3,2) 0704.0120(2,2) 0704.0126(1,2) 0704.0127(1,2) 
806 4.95583 : 0704.0016(2,2) 
807 4.95583 : 0704.0016(1,2) 
808 4.95583 : 0704.0016(1,2) 
809 4.26268 : 0704.0016(1,2) 0704.0127(1,2) 
810 4.95583 : 0704.0016(1,2) 
811 4.95583 : 0704.0016(1,2) 
812 4.26268 : 0704.0016(1,2) 0704.0072(1,2) 
813 4.95583 : 0704.0016(1,2) 
814 3.16407 : 0704.0016(1,2) 0704.0036(1,2) 0704.0106(2,2) 0704.0113(1,2) 0704.0117(1,2) 0704.0120(1,2) 
815 3.85721 : 0704.0017(2,1) 0704.0025(1,1) 0704.0059(2,0) 
816 3.34639 : 0704.0017(2,1) 0704.0056(1,0) 0704.0060(2,1) 0704.0136(2,0) 0704.0139(1,0) 
817 4.26268 : 0704.0017(2,1) 0704.0082(1,0) 
818 4.95583 : 0704.0017(4,1) 
819 4.95583 : 0704.0017(1,1) 
820 4.95583 : 0704.0017(3,1) 
821 4.95583 : 0704.0017(2,0) 
822 4.95583 : 0704.0017(3,0) 
823 3.85721 : 0704.0017(2,0) 0704.0089(1,0) 0704.0113(1,0) 
824 2.47092 : 0704.0017(4,0) 0704.0024(2,0) 0704.0029(3,1) 0704.0057(2,1) 0704.0082(3,0) 0704.0109(5,0) 0704.0114(2,1) 0704.0117(1,0) 0704.0122(6,1) 0704.0131(1,0) 0704.0137(1,0) 0704.0138(1,0) 
825 4.95583 : 0704.0017(2,0) 
826 4.26268 : 0704.0017(2,0) 0704.0139(1,0) 
827 4.95583 : 0704.0017(5,0) 
828 3.56953 : 0704.0017(3,0) 0704.0044(1,0) 0704.0090(1,0) 0704.0091(1,0) 
829 4.95583 : 0704.0017(4,0) 
830 3.56953 : 0704.0017(1,0) 0704.0034(1,1) 0704.0093(1,0) 0704.0137(1,0) 
831 3.85721 : 0704.0017(1,0) 0704.0128(1,0) 0704.0139(1,0) 
832 1.96009 : 0704.0017(1,0) 0704.0024(1,0) 0704.0032(1,0) 0704.0047(1,0) 0704.0050(1,0) 0704.0052(1,0) 0704.0058(2,0) 0704.0077(2,0) 0704.0084(3,0) 0704.0085(2,0) 0704.0086(2,0) 0704.0088(1,0) 0704.0089(1,0) 0704.0094(3,1) 0704.0108(1,0) 0704.0119(1,0) 0704.0123(1,0) 0704.0133(1,0) 0704.0134(3,0) 0704.0135(2,1) 
833 4.95583 : 0704.0017(1,0) 
834 3.00992 : 0704.0017(2,0) 0704.0024(1,0) 0704.0036(1,0) 0704.0067(1,0) 0704.0114(1,0) 0704.0118(1,0) 0704.0120(1,0) 
835 4.95583 : 0704.0017(1,0) 
836 4.95583 : 0704.0017(2,0) 
837 4.26268 : 0704.0017(5,0) 0704.0044(1,0) 
838 4.95583 : 0704.0017(1,0) 
839 4.95583 : 0704.0017(1,0) 
840 4.95583 : 0704.0017(3,0) 
841 4.95583 : 0704.0017(2,0) 
842 3.56953 : 0704.0017(2,0) 0704.0039(2,1) 0704.0059(6,1) 0704.0139(1,0) 
843 4.95583 : 0704.0017(1,0) 
844 4.95583 : 0704.0017(1,0) 
845 4.26268 : 0704.0017(1,0) 0704.0093(1,1) 
846 2.87639 : 0704.0017(1,0) 0704.0023(1,0) 0704.0029(3,0) 0704.0047(6,1) 0704.0050(6,1) 0704.0123(2,1) 0704.0133(3,1) 0704.0138(1,0) 
847 4.95583 : 0704.0017(1,0) 
848 3.85721 : 0704.0017(1,0) 0704.0063(1,0) 0704.0067(1,0) 
849 3.56953 : 0704.0017(1,0) 0704.0082(1,0) 0704.0127(1,0) 0704.0139(1,0) 
850 4.95583 : 0704.0017(1,0) 
851 4.95583 : 0704.0017(1,0) 
852 4.26268 : 0704.0017(2,0) 0704.0120(1,0) 
853 3.85721 : 0704.0017(3,0) 0704.0094(1,0) 0704.0135(1,0) 
854 3.34639 : 0704.0017(3,0) 0704.0093(1,0) 0704.0094(1,0) 0704.0118(1,0) 0704.0135(1,0) 
855 4.95583 : 0704.0017(1,0) 
856 3.85721 : 0704.0017(1,0) 0704.0089(1,0) 0704.0109(1,0) 
857 4.95583 : 0704.0017(1,0) 
858 3.56953 : 0704.0017(2,0) 0704.0084(2,0) 0704.0113(1,0) 0704.0138(1,0) 
859 4.95583 : 0704.0017(2,0) 
860 4.95583 : 0704.0017(1,0) 
861 4.26268 : 0704.0017(1,0) 0704.0080(1,0) 
862 4.26268 : 0704.0017(1,0) 0704.0061(1,0) 
863 4.95583 : 0704.0017(1,0) 
864 4.95583 : 0704.0017(1,0) 
865 4.95583 : 0704.0017(1,0) 
866 3.85721 : 0704.0017(1,0) 0704.0070(1,0) 0704.0114(1,0) 
867 4.95583 : 0704.0017(1,0) 
868 4.95583 : 0704.0017(1,0) 
869 4.26268 : 0704.0017(1,0) 0704.0139(1,0) 
870 4.95583 : 0704.0017(1,0) 
871 2.65324 : 0704.0017(1,0) 0704.0047(2,0) 0704.0050(1,0) 0704.0065(1,0) 0704.0080(1,0) 0704.0084(1,0) 0704.0089(1,0) 0704.0135(1,0) 0704.0138(1,0) 0704.0139(1,0) 
872 4.95583 : 0704.0017(1,0) 
873 3.85721 : 0704.0017(1,0) 0704.0022(4,0) 0704.0134(2,0) 
874 3.16407 : 0704.0017(1,0) 0704.0022(1,0) 0704.0024(1,0) 0704.0041(1,0) 0704.0044(1,0) 0704.0131(1,0) 
875 4.26268 : 0704.0017(1,0) 0704.0044(1,0) 
876 3.34639 : 0704.0017(2,0) 0704.0023(1,2) 0704.0048(2,1) 0704.0098(1,0) 0704.0100(1,0) 
877 3.85721 : 0704.0017(2,0) 0704.0048(2,1) 0704.0059(2,1) 
878 3.56953 : 0704.0017(2,0) 0704.0044(1,0) 0704.0050(1,0) 0704.0129(1,0) 
879 3.85721 : 0704.0017(1,0) 0704.0031(1,0) 0704.0084(1,0) 
880 4.95583 : 0704.0017(1,0) 
881 4.95583 : 0704.0017(2,2) 
882 4.95583 : 0704.0017(2,2) 
883 4.95583 : 0704.0017(1,2) 
884 4.95583 : 0704.0017(1,2) 
885 4.95583 : 0704.0017(1,2) 
886 4.26268 : 0704.0017(1,2) 0704.0102(2,2) 
887 2.55793 : 0704.0017(1,2) 0704.0020(1,2) 0704.0024(1,2) 0704.0027(1,0) 0704.0059(3,0) 0704.0065(1,0) 0704.0099(10,0) 0704.0118(1,2) 0704.0119(1,0) 0704.0120(1,0) 0704.0139(1,2) 
888 4.95583 : 0704.0017(1,2) 
889 4.95583 : 0704.0017(1,2) 
890 4.95583 : 0704.0017(1,2) 
891 4.95583 : 0704.0017(1,2) 
892 4.95583 : 0704.0017(1,2) 
893 4.95583 : 0704.0018(1,1) 
894 3.56953 : 0704.0018(1,1) 0704.0061(4,1) 0704.0103(3,1) 0704.0130(1,1) 
895 4.95583 : 0704.0018(2,1) 
896 3.85721 : 0704.0018(4,1) 0704.0037(1,0) 0704.0116(1,0) 
897 4.95583 : 0704.0018(1,0) 
898 4.95583 : 0704.0018(2,0) 
899 4.26268 : 0704.0018(1,0) 0704.0022(2,0) 
900 2.39088 : 0704.0018(3,0) 0704.0023(1,0) 0704.0028(1,0) 0704.0044(1,0) 0704.0047(2,0) 0704.0050(1,0) 0704.0066(1,0) 0704.0077(3,1) 0704.0078(1,1) 0704.0083(1,0) 0704.0084(1,0) 0704.0087(1,1) 0704.0129(1,0) 
901 2.55793 : 0704.0018(1,0) 0704.0052(2,0) 0704.0067(2,1) 0704.0069(2,0) 0704.0082(1,0) 0704.0093(4,1) 0704.0104(1,0) 0704.0115(1,0) 0704.0126(1,0) 0704.0128(1,0) 0704.0141(2,1) 
902 3.85721 : 0704.0018(1,0) 0704.0104(1,0) 0704.0121(3,0) 
903 4.26268 : 0704.0018(1,0) 0704.0116(2,0) 
904 3.85721 : 0704.0018(1,0) 0704.0073(1,0) 0704.0082(1,0) 
905 4.95583 : 0704.0018(1,0) 
906 4.95583 : 0704.0018(1,0) 
907 3.56953 : 0704.0018(1,0) 0704.0069(1,0) 0704.0090(1,0) 0704.0126(1,0) 
908 4.26268 : 0704.0018(2,2) 0704.0106(1,2) 
909 4.95583 : 0704.0018(2,2) 
910 2.7586 : 0704.0019(1,1) 0704.0021(1,0) 0704.0022(2,0) 0704.0025(1,0) 0704.0033(2,1) 0704.0035(2,1) 0704.0037(2,1) 0704.0038(2,1) 0704.0117(1,0) 
911 4.95583 : 0704.0019(2,1) 
912 3.34639 : 0704.0019(2,1) 0704.0040(1,1) 0704.0089(1,0) 0704.0090(2,0) 0704.0107(2,0) 
913 4.95583 : 0704.0019(2,1) 
914 4.95583 : 0704.0019(2,1) 
915 4.95583 : 0704.0019(2,1) 
916 4.26268 : 0704.0019(2,1) 0704.0065(2,0) 
917 3.56953 : 0704.0019(1,0) 0704.0068(2,1) 0704.0096(1,0) 0704.0125(1,0) 
918 1.9113 : 0704.0019(1,0) 0704.0025(1,1) 0704.0035(1,0) 0704.0038(3,0) 0704.0039(1,0) 0704.0045(1,0) 0704.0047(3,0) 0704.0050(1,0) 0704.0051(1,0) 0704.0052(1,0) 0704.0059(1,0) 0704.0072(5,1) 0704.0082(1,0) 0704.0085(1,0) 0704.0089(1,0) 0704.0098(1,0) 0704.0113(1,0) 0704.0114(1,0) 0704.0119(1,0) 0704.0127(2,0) 0704.0142(1,0) 
919 4.95583 : 0704.0019(1,0) 
920 4.95583 : 0704.0019(1,0) 
921 4.95583 : 0704.0019(2,2) 
922 4.95583 : 0704.0019(2,2) 
923 1.9113 : 0704.0020(6,1) 0704.0024(1,0) 0704.0030(1,2) 0704.0033(4,0) 0704.0036(2,2) 0704.0043(2,0) 0704.0046(1,2) 0704.0049(5,0) 0704.0058(1,0) 0704.0059(1,2) 0704.0064(3,0) 0704.0075(1,0) 0704.0081(1,0) 0704.0114(1,2) 0704.0120(6,1) 0704.0123(2,2) 0704.0125(1,1) 0704.0126(2,0) 0704.0128(2,2) 0704.0133(1,2) 0704.0142(2,0) 
924 4.95583 : 0704.0020(3,1) 
925 3.85721 : 0704.0020(1,1) 0704.0075(2,1) 0704.0076(1,1) 
926 3.56953 : 0704.0020(1,0) 0704.0024(1,0) 0704.0035(1,0) 0704.0095(2,1) 
927 2.87639 : 0704.0020(2,0) 0704.0033(1,0) 0704.0089(2,0) 0704.0107(2,0) 0704.0119(1,0) 0704.0126(1,0) 0704.0127(1,0) 0704.0138(1,0) 
928 3.34639 : 0704.0020(1,0) 0704.0022(1,0) 0704.0050(3,0) 0704.0072(2,1) 0704.0085(1,0) 
929 3.00992 : 0704.0020(1,0) 0704.0037(1,0) 0704.0044(1,0) 0704.0055(1,0) 0704.0062(1,0) 0704.0069(1,0) 0704.0106(1,0) 
930 4.95583 : 0704.0020(1,0) 
931 4.95583 : 0704.0020(1,0) 
932 4.26268 : 0704.0020(2,2) 0704.0120(1,0) 
933 3.34639 : 0704.0020(1,0) 0704.0032(1,0) 0704.0132(4,0) 0704.0135(1,0) 0704.0138(1,0) 
934 4.95583 : 0704.0020(1,0) 
935 2.87639 : 0704.0020(1,0) 0704.0025(1,0) 0704.0027(1,0) 0704.0030(3,1) 0704.0032(1,0) 0704.0044(4,0) 0704.0093(2,1) 0704.0118(1,0) 
936 4.95583 : 0704.0020(1,0) 
937 4.26268 : 0704.0020(1,0) 0704.0123(3,0) 
938 3.85721 : 0704.0020(1,0) 0704.0032(1,0) 0704.0139(1,0) 
939 3.34639 : 0704.0020(1,0) 0704.0033(1,0) 0704.0046(1,0) 0704.0090(1,0) 0704.0115(1,0) 
940 3.56953 : 0704.0020(3,0) 0704.0039(10,0) 0704.0120(1,0) 0704.0126(1,0) 
941 4.95583 : 0704.0020(1,0) 
942 4.95583 : 0704.0020(3,0) 
943 3.56953 : 0704.0020(1,0) 0704.0071(1,0) 0704.0078(1,0) 0704.0085(2,0) 
944 4.26268 : 0704.0020(1,0) 0704.0080(1,0) 
945 3.56953 : 0704.0020(1,0) 0704.0029(1,0) 0704.0089(1,0) 0704.0106(1,0) 
946 4.26268 : 0704.0020(1,0) 0704.0039(1,0) 
947 3.34639 : 0704.0020(1,0) 0704.0067(1,0) 0704.0089(2,1) 0704.0098(2,1) 0704.0140(1,0) 
948 4.26268 : 0704.0020(1,0) 0704.0037(1,0) 
949 4.26268 : 0704.0020(1,0) 0704.0123(1,0) 
950 4.95583 : 0704.0020(1,0) 
951 3.85721 : 0704.0020(1,0) 0704.0037(1,0) 0704.0099(1,0) 
952 4.95583 : 0704.0020(1,2) 
953 4.95583 : 0704.0020(1,2) 
954 4.95583 : 0704.0020(1,2) 
955 4.95583 : 0704.0021(2,1) 
956 3.16407 : 0704.0021(1,1) 0704.0032(1,0) 0704.0045(4,1) 0704.0085(5,1) 0704.0103(1,0) 0704.0117(1,0) 
957 4.95583 : 0704.0021(1,1) 
958 4.95583 : 0704.0021(1,1) 
959 4.95583 : 0704.0021(1,1) 
960 4.95583 : 0704.0021(2,1) 
961 4.95583 : 0704.0021(1,0) 
962 2.7586 : 0704.0021(1,0) 0704.0024(2,1) 0704.0055(2,0) 0704.0067(3,0) 0704.0069(1,0) 0704.0084(2,1) 0704.0100(1,0) 0704.0131(1,0) 0704.0133(2,1) 
963 4.95583 : 0704.0021(1,0) 
964 4.95583 : 0704.0021(1,0) 
965 4.26268 : 0704.0021(1,0) 0704.0123(1,0) 
966 4.95583 : 0704.0021(1,0) 
967 4.95583 : 0704.0021(1,0) 
968 3.56953 : 0704.0021(1,0) 0704.0055(1,0) 0704.0100(1,0) 0704.0123(1,0) 
969 3.34639 : 0704.0021(1,0) 0704.0022(10,1) 0704.0025(1,0) 0704.0067(1,0) 0704.0086(2,1) 
970 4.95583 : 0704.0021(1,0) 
971 4.26268 : 0704.0021(1,0) 0704.0080(2,0) 
972 4.95583 : 0704.0021(1,0) 
973 4.26268 : 0704.0021(1,0) 0704.0059(1,0) 
974 3.85721 : 0704.0021(1,0) 0704.0022(1,0) 0704.0109(1,0) 
975 4.26268 : 0704.0021(1,0) 0704.0048(2,0) 
976 4.26268 : 0704.0021(2,0) 0704.0137(1,0) 
977 3.34639 : 0704.0021(1,0) 0704.0058(1,0) 0704.0090(2,0) 0704.0113(1,0) 0704.0125(1,0) 
978 2.87639 : 0704.0021(1,0) 0704.0044(1,0) 0704.0057(1,0) 0704.0066(1,0) 0704.0080(1,0) 0704.0089(2,0) 0704.0103(1,0) 0704.0114(1,0) 
979 4.95583 : 0704.0021(1,0) 
980 3.16407 : 0704.0021(1,0) 0704.0045(1,0) 0704.0078(1,0) 0704.0088(1,0) 0704.0114(1,0) 0704.0119(1,0) 
981 4.95583 : 0704.0021(1,0) 
982 4.95583 : 0704.0021(1,0) 
983 3.16407 : 0704.0021(1,0) 0704.0037(1,0) 0704.0053(2,0) 0704.0064(1,0) 0704.0066(1,0) 0704.0142(1,0) 
984 4.95583 : 0704.0021(2,2) 
985 4.95583 : 0704.0021(2,2) 
986 4.95583 : 0704.0021(1,2) 
987 4.95583 : 0704.0021(1,2) 
988 3.16407 : 0704.0021(1,2) 0704.0043(1,2) 0704.0044(1,2) 0704.0048(2,2) 0704.0065(1,2) 0704.0124(2,2) 
989 4.95583 : 0704.0021(1,2) 
990 3.00992 : 0704.0022(10,1) 0704.0065(1,0) 0704.0095(2,0) 0704.0096(2,0) 0704.0104(1,0) 0704.0110(1,0) 0704.0130(5,1) 
991 2.55793 : 0704.0022(7,1) 0704.0041(7,1) 0704.0052(2,0) 0704.0059(1,0) 0704.0091(5,0) 0704.0094(1,0) 0704.0095(2,0) 0704.0110(1,0) 0704.0111(1,0) 0704.0115(1,0) 0704.0121(1,0) 
992 4.95583 : 0704.0022(2,1) 
993 3.00992 : 0704.0022(1,0) 0704.0024(1,0) 0704.0045(2,0) 0704.0072(4,1) 0704.0082(1,0) 0704.0088(2,0) 0704.0123(1,1) 
994 3.85721 : 0704.0022(1,0) 0704.0041(1,0) 0704.0105(1,0) 
995 3.56953 : 0704.0022(1,0) 0704.0066(1,0) 0704.0122(1,0) 0704.0137(1,0) 
996 3.00992 : 0704.0022(1,0) 0704.0052(1,0) 0704.0083(1,0) 0704.0085(1,0) 0704.0086(1,0) 0704.0107(1,0) 0704.0138(1,0) 
997 4.95583 : 0704.0022(1,0) 
998 2.87639 : 0704.0022(1,0) 0704.0041(2,0) 0704.0043(1,0) 0704.0049(5,1) 0704.0069(2,0) 0704.0084(1,0) 0704.0105(1,0) 0704.0115(2,1) 
999 2.65324 : 0704.0022(5,0) 0704.0041(4,0) 0704.0052(2,0) 0704.0069(1,0) 0704.0073(1,0) 0704.0104(1,0) 0704.0105(1,0) 0704.0115(1,0) 0704.0116(1,0) 0704.0124(1,0) 
1,000 3.00992 : 0704.0022(2,0) 0704.0041(1,0) 0704.0045(1,0) 0704.0074(1,0) 0704.0110(1,0) 0704.0116(1,0) 0704.0142(1,0) 
1,001 3.56953 : 0704.0022(1,0) 0704.0026(1,0) 0704.0112(1,0) 0704.0128(1,0) 
1,002 4.95583 : 0704.0022(1,0) 
1,003 4.95583 : 0704.0022(2,0) 
1,004 4.95583 : 0704.0022(1,0) 
1,005 3.16407 : 0704.0022(2,0) 0704.0065(2,0) 0704.0081(1,0) 0704.0096(2,0) 0704.0104(2,0) 0704.0110(1,0) 
1,006 3.56953 : 0704.0022(1,0) 0704.0069(2,0) 0704.0087(1,0) 0704.0089(1,0) 
1,007 3.16407 : 0704.0022(1,0) 0704.0072(1,0) 0704.0085(1,0) 0704.0105(1,0) 0704.0116(1,0) 0704.0130(1,0) 
1,008 4.95583 : 0704.0022(1,0) 
1,009 2.87639 : 0704.0022(1,0) 0704.0023(2,0) 0704.0024(1,0) 0704.0052(1,0) 0704.0055(1,0) 0704.0067(1,0) 0704.0083(1,0) 0704.0113(1,0) 
1,010 4.95583 : 0704.0022(1,0) 
1,011 4.26268 : 0704.0022(1,0) 0704.0059(1,0) 
1,012 3.85721 : 0704.0022(1,0) 0704.0061(1,0) 0704.0065(1,0) 
1,013 4.26268 : 0704.0022(4,0) 0704.0043(1,0) 
1,014 4.95583 : 0704.0022(2,0) 
1,015 4.95583 : 0704.0022(2,0) 
1,016 3.34639 : 0704.0022(1,0) 0704.0051(1,0) 0704.0056(1,0) 0704.0075(1,0) 0704.0095(1,0) 
1,017 2.31677 : 0704.0022(1,0) 0704.0024(1,0) 0704.0033(1,0) 0704.0054(1,0) 0704.0061(2,0) 0704.0065(1,0) 0704.0066(1,0) 0704.0070(1,0) 0704.0072(1,0) 0704.0080(1,0) 0704.0091(1,1) 0704.0123(1,0) 0704.0127(2,0) 0704.0136(2,1) 
1,018 4.26268 : 0704.0022(1,0) 0704.0123(1,0) 
1,019 4.95583 : 0704.0022(1,0) 
1,020 3.85721 : 0704.0022(1,0) 0704.0113(1,0) 0704.0142(2,0) 
1,021 4.95583 : 0704.0022(2,0) 
1,022 4.95583 : 0704.0022(2,0) 
1,023 4.26268 : 0704.0022(1,0) 0704.0080(1,0) 
1,024 4.95583 : 0704.0022(2,0) 
1,025 4.95583 : 0704.0022(3,0) 
1,026 4.26268 : 0704.0022(1,0) 0704.0087(1,1) 
1,027 3.00992 : 0704.0022(1,0) 0704.0052(1,0) 0704.0083(1,0) 0704.0091(2,0) 0704.0110(1,0) 0704.0132(2,0) 0704.0139(1,0) 
1,028 4.26268 : 0704.0022(1,0) 0704.0094(1,0) 
1,029 2.65324 : 0704.0022(1,0) 0704.0043(1,0) 0704.0058(2,0) 0704.0082(1,0) 0704.0083(1,0) 0704.0086(1,0) 0704.0095(1,0) 0704.0109(1,0) 0704.0127(1,0) 0704.0138(1,0) 
1,030 3.56953 : 0704.0022(1,0) 0704.0100(1,0) 0704.0118(1,0) 0704.0119(1,0) 
1,031 4.95583 : 0704.0022(1,0) 
1,032 4.95583 : 0704.0022(1,0) 
1,033 4.95583 : 0704.0022(1,0) 
1,034 2.87639 : 0704.0022(1,0) 0704.0023(1,0) 0704.0048(2,0) 0704.0050(1,0) 0704.0059(1,0) 0704.0062(1,0) 0704.0072(1,0) 0704.0138(1,0) 
1,035 4.95583 : 0704.0022(1,0) 
1,036 4.26268 : 0704.0022(1,0) 0704.0105(1,1) 
1,037 4.26268 : 0704.0022(1,0) 0704.0080(1,0) 
1,038 4.95583 : 0704.0022(1,0) 
1,039 4.95583 : 0704.0022(1,0) 
1,040 4.95583 : 0704.0022(1,0) 
1,041 4.95583 : 0704.0022(1,0) 
1,042 3.85721 : 0704.0022(1,0) 0704.0045(1,0) 0704.0078(1,0) 
1,043 4.95583 : 0704.0022(1,0) 
1,044 3.85721 : 0704.0022(1,0) 0704.0048(1,0) 0704.0098(1,0) 
1,045 4.95583 : 0704.0022(2,2) 
1,046 4.95583 : 0704.0022(2,2) 
1,047 4.95583 : 0704.0022(1,2) 
1,048 4.95583 : 0704.0022(1,2) 
1,049 4.95583 : 0704.0023(3,1) 
1,050 3.56953 : 0704.0023(1,1) 0704.0074(1,0) 0704.0084(3,1) 0704.0134(3,0) 
1,051 4.95583 : 0704.0023(1,1) 
1,052 4.26268 : 0704.0023(5,1) 0704.0044(1,0) 
1,053 4.95583 : 0704.0023(4,1) 
1,054 2.7586 : 0704.0023(1,0) 0704.0034(1,0) 0704.0044(1,0) 0704.0067(1,0) 0704.0085(1,0) 0704.0100(1,0) 0704.0123(1,0) 0704.0133(1,0) 0704.0136(1,0) 
1,055 4.95583 : 0704.0023(1,0) 
1,056 4.26268 : 0704.0023(1,0) 0704.0084(2,0) 
1,057 3.85721 : 0704.0023(1,0) 0704.0038(1,0) 0704.0088(2,0) 
1,058 4.95583 : 0704.0023(1,0) 
1,059 4.26268 : 0704.0023(1,0) 0704.0100(1,0) 
1,060 4.95583 : 0704.0023(1,0) 
1,061 4.95583 : 0704.0023(1,0) 
1,062 3.85721 : 0704.0023(1,0) 0704.0109(1,0) 0704.0136(1,0) 
1,063 2.7586 : 0704.0023(2,0) 0704.0033(1,0) 0704.0051(1,0) 0704.0058(1,0) 0704.0076(1,0) 0704.0083(1,1) 0704.0085(2,0) 0704.0138(1,0) 0704.0142(1,0) 
1,064 3.16407 : 0704.0023(2,0) 0704.0067(1,0) 0704.0072(1,0) 0704.0092(3,1) 0704.0094(1,0) 0704.0131(1,1) 
1,065 4.95583 : 0704.0023(1,0) 
1,066 4.95583 : 0704.0023(2,0) 
1,067 4.95583 : 0704.0023(3,0) 
1,068 4.95583 : 0704.0023(1,0) 
1,069 4.95583 : 0704.0023(1,0) 
1,070 4.26268 : 0704.0023(1,0) 0704.0035(1,0) 
1,071 4.26268 : 0704.0023(1,0) 0704.0033(1,0) 
1,072 4.95583 : 0704.0023(1,0) 
1,073 4.95583 : 0704.0023(1,0) 
1,074 4.26268 : 0704.0023(1,0) 0704.0124(2,1) 
1,075 4.95583 : 0704.0023(1,0) 
1,076 4.26268 : 0704.0023(1,0) 0704.0063(1,0) 
1,077 4.95583 : 0704.0023(1,0) 
1,078 4.26268 : 0704.0023(1,0) 0704.0076(1,0) 
1,079 4.95583 : 0704.0023(3,0) 
1,080 3.85721 : 0704.0023(3,0) 0704.0077(1,0) 0704.0139(1,0) 
1,081 2.87639 : 0704.0023(3,0) 0704.0063(1,0) 0704.0067(1,0) 0704.0069(1,0) 0704.0074(1,0) 0704.0077(1,0) 0704.0106(1,0) 0704.0115(1,0) 
1,082 4.26268 : 0704.0023(2,0) 0704.0110(1,0) 
1,083 3.85721 : 0704.0023(1,0) 0704.0059(1,0) 0704.0069(3,0) 
1,084 4.95583 : 0704.0023(1,0) 
1,085 4.26268 : 0704.0023(1,0) 0704.0094(1,0) 
1,086 4.95583 : 0704.0023(1,0) 
1,087 4.95583 : 0704.0023(1,0) 
1,088 4.95583 : 0704.0023(1,0) 
1,089 4.95583 : 0704.0023(2,0) 
1,090 4.95583 : 0704.0023(1,0) 
1,091 4.26268 : 0704.0023(1,0) 0704.0113(1,2) 
1,092 4.95583 : 0704.0023(1,0) 
1,093 4.95583 : 0704.0023(1,0) 
1,094 4.95583 : 0704.0023(1,0) 
1,095 3.85721 : 0704.0023(1,0) 0704.0119(1,0) 0704.0127(1,0) 
1,096 3.34639 : 0704.0023(1,0) 0704.0062(1,0) 0704.0080(2,0) 0704.0109(1,0) 0704.0139(1,0) 
1,097 3.85721 : 0704.0023(2,0) 0704.0043(1,0) 0704.0070(1,1) 
1,098 3.34639 : 0704.0023(1,0) 0704.0025(1,0) 0704.0030(1,0) 0704.0044(1,0) 0704.0070(1,0) 
1,099 4.95583 : 0704.0023(1,0) 
1,100 4.95583 : 0704.0023(1,0) 
1,101 4.26268 : 0704.0023(1,0) 0704.0138(2,0) 
1,102 3.56953 : 0704.0023(1,0) 0704.0032(1,0) 0704.0059(1,0) 0704.0133(1,0) 
1,103 3.56953 : 0704.0023(1,0) 0704.0059(1,0) 0704.0070(1,0) 0704.0133(1,0) 
1,104 4.95583 : 0704.0023(1,0) 
1,105 4.95583 : 0704.0023(1,0) 
1,106 4.95583 : 0704.0023(1,0) 
1,107 4.26268 : 0704.0023(1,0) 0704.0047(1,0) 
1,108 3.85721 : 0704.0023(1,0) 0704.0113(1,0) 0704.0139(1,0) 
1,109 3.56953 : 0704.0023(1,0) 0704.0085(1,0) 0704.0094(1,0) 0704.0123(1,0) 
1,110 3.34639 : 0704.0023(1,0) 0704.0037(1,0) 0704.0039(1,0) 0704.0080(1,0) 0704.0139(1,0) 
1,111 4.95583 : 0704.0023(1,0) 
1,112 3.56953 : 0704.0023(1,0) 0704.0047(1,0) 0704.0050(3,0) 0704.0055(1,0) 
1,113 2.7586 : 0704.0023(1,0) 0704.0030(1,0) 0704.0032(1,0) 0704.0056(1,0) 0704.0084(1,0) 0704.0088(1,1) 0704.0127(1,0) 0704.0133(2,0) 0704.0137(1,0) 
1,114 2.47092 : 0704.0023(1,0) 0704.0026(1,0) 0704.0029(1,1) 0704.0032(1,0) 0704.0042(1,0) 0704.0045(1,0) 0704.0064(2,0) 0704.0080(1,0) 0704.0083(1,0) 0704.0112(1,0) 0704.0128(1,0) 0704.0137(1,0) 
1,115 4.95583 : 0704.0023(1,0) 
1,116 3.56953 : 0704.0023(1,0) 0704.0053(1,0) 0704.0098(1,0) 0704.0134(1,0) 
1,117 4.95583 : 0704.0023(1,0) 
1,118 4.95583 : 0704.0023(1,0) 
1,119 4.95583 : 0704.0023(1,2) 
1,120 4.95583 : 0704.0023(2,2) 
1,121 4.95583 : 0704.0023(1,2) 
1,122 4.26268 : 0704.0024(1,1) 0704.0082(5,1) 
1,123 3.85721 : 0704.0024(1,1) 0704.0085(3,0) 0704.0134(1,0) 
1,124 4.26268 : 0704.0024(1,1) 0704.0117(1,0) 
1,125 3.85721 : 0704.0024(1,1) 0704.0082(1,0) 0704.0109(1,0) 
1,126 3.56953 : 0704.0024(2,1) 0704.0067(2,0) 0704.0113(1,0) 0704.0118(1,0) 
1,127 4.26268 : 0704.0024(1,1) 0704.0045(1,0) 
1,128 4.26268 : 0704.0024(2,0) 0704.0138(1,0) 
1,129 4.95583 : 0704.0024(1,0) 
1,130 4.26268 : 0704.0024(1,0) 0704.0044(1,1) 
1,131 4.95583 : 0704.0024(1,0) 
1,132 4.95583 : 0704.0024(1,0) 
1,133 3.85721 : 0704.0024(1,0) 0704.0037(1,0) 0704.0093(2,1) 
1,134 4.95583 : 0704.0024(1,0) 
1,135 3.00992 : 0704.0024(1,0) 0704.0037(4,1) 0704.0038(2,0) 0704.0059(2,0) 0704.0093(1,0) 0704.0128(8,1) 0704.0137(2,1) 
1,136 3.56953 : 0704.0024(1,0) 0704.0035(3,1) 0704.0120(1,0) 0704.0125(1,0) 
1,137 3.56953 : 0704.0024(2,0) 0704.0030(2,0) 0704.0063(1,0) 0704.0117(1,0) 
1,138 4.95583 : 0704.0024(2,0) 
1,139 3.56953 : 0704.0024(1,0) 0704.0033(1,0) 0704.0080(1,0) 0704.0139(1,0) 
1,140 4.26268 : 0704.0024(1,0) 0704.0045(2,0) 
1,141 3.85721 : 0704.0024(2,0) 0704.0119(2,0) 0704.0127(1,0) 
1,142 4.95583 : 0704.0024(1,0) 
1,143 4.95583 : 0704.0024(1,0) 
1,144 4.95583 : 0704.0024(2,0) 
1,145 3.00992 : 0704.0024(1,0) 0704.0042(1,0) 0704.0045(1,0) 0704.0069(1,0) 0704.0074(1,0) 0704.0121(1,0) 0704.0128(1,0) 
1,146 2.7586 : 0704.0024(1,0) 0704.0026(1,0) 0704.0028(1,0) 0704.0041(1,0) 0704.0074(1,0) 0704.0085(1,0) 0704.0086(1,0) 0704.0112(1,0) 0704.0123(1,0) 
1,147 3.34639 : 0704.0024(1,0) 0704.0066(1,0) 0704.0085(1,0) 0704.0122(1,0) 0704.0140(1,0) 
1,148 4.26268 : 0704.0024(1,0) 0704.0122(1,1) 
1,149 4.95583 : 0704.0024(1,0) 
1,150 4.26268 : 0704.0024(1,0) 0704.0069(1,0) 
1,151 3.85721 : 0704.0024(1,0) 0704.0032(1,0) 0704.0088(1,0) 
1,152 4.26268 : 0704.0024(1,0) 0704.0121(2,1) 
1,153 4.95583 : 0704.0024(1,0) 
1,154 4.95583 : 0704.0024(1,0) 
1,155 4.95583 : 0704.0024(2,0) 
1,156 2.65324 : 0704.0024(1,0) 0704.0027(1,0) 0704.0029(4,1) 0704.0042(1,0) 0704.0061(1,0) 0704.0065(2,0) 0704.0075(1,0) 0704.0100(1,0) 0704.0104(1,0) 0704.0131(2,1) 
1,157 4.95583 : 0704.0024(1,0) 
1,158 4.95583 : 0704.0024(1,0) 
1,159 4.95583 : 0704.0024(1,0) 
1,160 3.85721 : 0704.0024(1,0) 0704.0037(2,1) 0704.0038(1,0) 
1,161 4.26268 : 0704.0024(1,0) 0704.0088(1,0) 
1,162 4.95583 : 0704.0024(1,0) 
1,163 3.34639 : 0704.0024(1,0) 0704.0025(2,1) 0704.0067(1,0) 0704.0093(1,0) 0704.0122(1,0) 
1,164 4.95583 : 0704.0024(1,0) 
1,165 4.95583 : 0704.0024(1,2) 
1,166 4.95583 : 0704.0024(2,2) 
1,167 4.95583 : 0704.0024(1,2) 
1,168 4.95583 : 0704.0024(1,2) 
1,169 4.95583 : 0704.0025(1,1) 
1,170 4.26268 : 0704.0025(2,1) 0704.0093(2,0) 
1,171 3.00992 : 0704.0025(2,1) 0704.0037(1,0) 0704.0056(1,0) 0704.0069(1,0) 0704.0084(4,1) 0704.0137(1,0) 0704.0142(1,0) 
1,172 4.26268 : 0704.0025(2,1) 0704.0142(1,0) 
1,173 4.26268 : 0704.0025(2,1) 0704.0048(3,0) 
1,174 4.26268 : 0704.0025(2,1) 0704.0048(3,0) 
1,175 4.95583 : 0704.0025(1,0) 
1,176 3.16407 : 0704.0025(1,0) 0704.0029(1,1) 0704.0051(1,0) 0704.0064(1,0) 0704.0077(2,0) 0704.0128(1,0) 
1,177 3.16407 : 0704.0025(2,0) 0704.0070(1,0) 0704.0109(1,0) 0704.0117(3,1) 0704.0119(3,1) 0704.0139(1,0) 
1,178 3.85721 : 0704.0025(1,0) 0704.0075(1,0) 0704.0119(1,0) 
1,179 3.16407 : 0704.0025(1,0) 0704.0027(2,0) 0704.0030(5,1) 0704.0093(2,1) 0704.0123(4,1) 0704.0132(1,0) 
1,180 3.16407 : 0704.0025(1,0) 0704.0051(1,0) 0704.0057(1,0) 0704.0077(1,0) 0704.0099(1,0) 0704.0122(1,0) 
1,181 4.26268 : 0704.0025(1,0) 0704.0090(2,0) 
1,182 4.95583 : 0704.0025(1,0) 
1,183 4.95583 : 0704.0025(1,0) 
1,184 4.95583 : 0704.0025(1,0) 
1,185 4.95583 : 0704.0025(1,0) 
1,186 2.65324 : 0704.0025(1,0) 0704.0031(1,0) 0704.0032(1,0) 0704.0037(1,0) 0704.0052(1,0) 0704.0058(1,0) 0704.0079(1,0) 0704.0094(2,0) 0704.0100(3,0) 0704.0106(1,0) 
1,187 4.95583 : 0704.0025(1,0) 
1,188 4.26268 : 0704.0025(1,0) 0704.0132(1,0) 
1,189 3.85721 : 0704.0025(1,0) 0704.0052(1,0) 0704.0140(1,0) 
1,190 4.95583 : 0704.0025(1,0) 
1,191 4.95583 : 0704.0025(1,0) 
1,192 3.16407 : 0704.0025(1,0) 0704.0030(3,0) 0704.0041(2,0) 0704.0073(1,0) 0704.0088(1,0) 0704.0111(1,0) 
1,193 3.56953 : 0704.0025(1,0) 0704.0027(1,0) 0704.0030(2,0) 0704.0139(1,0) 
1,194 4.26268 : 0704.0025(1,0) 0704.0030(2,0) 
1,195 4.95583 : 0704.0025(1,0) 
1,196 4.95583 : 0704.0025(3,0) 
1,197 4.95583 : 0704.0025(1,0) 
1,198 4.95583 : 0704.0025(1,0) 
1,199 4.95583 : 0704.0025(2,0) 
1,200 4.26268 : 0704.0025(1,0) 0704.0141(3,0) 
1,201 4.95583 : 0704.0025(1,0) 
1,202 4.95583 : 0704.0025(1,0) 
1,203 3.56953 : 0704.0025(1,0) 0704.0052(1,0) 0704.0056(1,0) 0704.0131(1,0) 
1,204 4.26268 : 0704.0025(1,0) 0704.0093(1,0) 
1,205 3.56953 : 0704.0025(1,0) 0704.0100(5,0) 0704.0138(3,0) 0704.0140(3,0) 
1,206 1.96009 : 0704.0025(1,0) 0704.0027(1,0) 0704.0039(1,0) 0704.0044(1,2) 0704.0047(1,2) 0704.0050(1,2) 0704.0059(1,2) 0704.0065(1,0) 0704.0080(4,0) 0704.0084(5,0) 0704.0086(4,0) 0704.0091(1,0) 0704.0093(2,2) 0704.0106(1,0) 0704.0117(1,2) 0704.0119(2,0) 0704.0122(1,2) 0704.0126(3,0) 0704.0128(1,2) 0704.0139(1,2) 
1,207 4.26268 : 0704.0025(1,2) 0704.0083(1,2) 
1,208 4.95583 : 0704.0025(2,2) 
1,209 4.95583 : 0704.0025(1,2) 
1,210 4.26268 : 0704.0026(1,1) 0704.0112(1,1) 
1,211 4.26268 : 0704.0026(1,1) 0704.0112(1,1) 
1,212 3.85721 : 0704.0026(2,1) 0704.0112(1,0) 0704.0121(2,1) 
1,213 4.26268 : 0704.0026(2,1) 0704.0112(1,0) 
1,214 4.26268 : 0704.0026(2,1) 0704.0112(1,0) 
1,215 4.26268 : 0704.0026(2,1) 0704.0112(1,0) 
1,216 4.95583 : 0704.0026(1,1) 
1,217 3.85721 : 0704.0026(2,1) 0704.0065(1,0) 0704.0112(2,1) 
1,218 4.95583 : 0704.0026(1,1) 
1,219 2.7586 : 0704.0026(1,0) 0704.0039(1,0) 0704.0056(1,0) 0704.0082(1,0) 0704.0086(2,0) 0704.0098(1,0) 0704.0112(2,1) 0704.0126(1,0) 0704.0131(1,0) 
1,220 4.26268 : 0704.0026(1,0) 0704.0112(1,0) 
1,221 4.26268 : 0704.0026(2,0) 0704.0112(2,0) 
1,222 4.26268 : 0704.0026(1,0) 0704.0112(1,0) 
1,223 4.26268 : 0704.0026(1,0) 0704.0112(1,0) 
1,224 4.26268 : 0704.0026(1,0) 0704.0112(1,0) 
1,225 4.26268 : 0704.0026(1,0) 0704.0112(1,0) 
1,226 3.56953 : 0704.0026(2,0) 0704.0079(2,2) 0704.0084(1,0) 0704.0112(2,0) 
1,227 3.34639 : 0704.0026(1,0) 0704.0084(1,1) 0704.0112(1,0) 0704.0115(3,1) 0704.0137(1,0) 
1,228 3.85721 : 0704.0026(1,0) 0704.0063(1,0) 0704.0112(1,0) 
1,229 4.26268 : 0704.0026(1,0) 0704.0112(1,0) 
1,230 4.26268 : 0704.0026(1,0) 0704.0112(1,0) 
1,231 2.39088 : 0704.0026(1,0) 0704.0033(1,0) 0704.0038(1,0) 0704.0049(1,0) 0704.0069(1,0) 0704.0072(2,1) 0704.0080(1,0) 0704.0085(1,0) 0704.0095(1,0) 0704.0099(2,0) 0704.0112(1,0) 0704.0126(2,0) 0704.0138(1,0) 
1,232 3.85721 : 0704.0026(1,0) 0704.0049(1,0) 0704.0112(1,0) 
1,233 4.26268 : 0704.0026(1,0) 0704.0112(1,0) 
1,234 4.26268 : 0704.0026(2,0) 0704.0112(2,0) 
1,235 4.26268 : 0704.0026(1,0) 0704.0112(1,0) 
1,236 2.55793 : 0704.0026(1,0) 0704.0027(2,0) 0704.0033(1,0) 0704.0040(1,0) 0704.0050(1,0) 0704.0067(2,0) 0704.0084(1,0) 0704.0086(1,0) 0704.0099(1,0) 0704.0112(1,0) 0704.0128(1,0) 
1,237 3.85721 : 0704.0026(1,0) 0704.0095(1,0) 0704.0112(1,0) 
1,238 4.26268 : 0704.0026(1,0) 0704.0112(1,0) 
1,239 3.85721 : 0704.0026(1,0) 0704.0083(3,0) 0704.0112(1,0) 
1,240 4.26268 : 0704.0026(1,0) 0704.0112(1,0) 
1,241 3.85721 : 0704.0026(1,0) 0704.0079(1,0) 0704.0112(1,0) 
1,242 4.26268 : 0704.0026(1,0) 0704.0112(1,0) 
1,243 3.56953 : 0704.0026(1,0) 0704.0077(1,0) 0704.0112(1,0) 0704.0121(2,0) 
1,244 4.26268 : 0704.0026(1,0) 0704.0112(1,0) 
1,245 4.26268 : 0704.0026(1,0) 0704.0112(1,0) 
1,246 3.85721 : 0704.0026(1,0) 0704.0072(1,0) 0704.0112(1,0) 
1,247 4.26268 : 0704.0026(1,0) 0704.0112(2,1) 
1,248 4.26268 : 0704.0026(1,0) 0704.0112(1,0) 
1,249 4.26268 : 0704.0026(1,0) 0704.0112(1,0) 
1,250 4.26268 : 0704.0026(1,0) 0704.0112(1,0) 
1,251 3.00992 : 0704.0026(1,0) 0704.0043(1,0) 0704.0053(2,0) 0704.0064(1,0) 0704.0104(1,0) 0704.0112(1,0) 0704.0128(1,0) 
1,252 3.85721 : 0704.0026(1,0) 0704.0112(1,0) 0704.0125(1,0) 
1,253 4.26268 : 0704.0026(1,0) 0704.0112(1,0) 
1,254 2.55793 : 0704.0026(1,0) 0704.0027(1,0) 0704.0042(1,0) 0704.0044(3,0) 0704.0057(1,0) 0704.0063(1,0) 0704.0082(1,0) 0704.0091(1,0) 0704.0110(1,0) 0704.0112(1,0) 0704.0113(1,0) 
1,255 3.85721 : 0704.0026(1,0) 0704.0105(1,0) 0704.0112(1,0) 
1,256 2.87639 : 0704.0026(1,0) 0704.0038(1,0) 0704.0041(1,0) 0704.0042(1,0) 0704.0061(1,0) 0704.0085(1,0) 0704.0112(1,0) 0704.0128(1,0) 
1,257 4.26268 : 0704.0026(1,0) 0704.0112(1,0) 
1,258 4.26268 : 0704.0026(1,0) 0704.0112(1,0) 
1,259 4.26268 : 0704.0026(2,2) 0704.0112(2,2) 
1,260 3.16407 : 0704.0026(2,2) 0704.0045(1,0) 0704.0052(1,0) 0704.0060(1,2) 0704.0112(2,2) 0704.0140(2,1) 
1,261 4.26268 : 0704.0026(2,2) 0704.0112(2,2) 
1,262 4.26268 : 0704.0027(2,1) 0704.0057(1,0) 
1,263 3.34639 : 0704.0027(1,1) 0704.0072(1,0) 0704.0109(1,0) 0704.0117(1,0) 0704.0135(2,1) 
1,264 4.95583 : 0704.0027(1,1) 
1,265 4.95583 : 0704.0027(3,1) 
1,266 4.26268 : 0704.0027(1,0) 0704.0138(1,0) 
1,267 4.95583 : 0704.0027(1,0) 
1,268 4.95583 : 0704.0027(1,0) 
1,269 3.56953 : 0704.0027(1,0) 0704.0118(1,0) 0704.0121(1,0) 0704.0138(1,0) 
1,270 4.95583 : 0704.0027(1,0) 
1,271 4.26268 : 0704.0027(2,0) 0704.0093(1,0) 
1,272 4.26268 : 0704.0027(2,0) 0704.0106(1,0) 
1,273 3.16407 : 0704.0027(2,0) 0704.0057(1,1) 0704.0060(1,0) 0704.0119(1,0) 0704.0126(1,0) 0704.0135(1,0) 
1,274 4.95583 : 0704.0027(1,0) 
1,275 3.34639 : 0704.0027(1,0) 0704.0050(1,0) 0704.0063(2,0) 0704.0114(1,0) 0704.0128(1,0) 
1,276 1.82033 : 0704.0027(1,0) 0704.0033(1,2) 0704.0035(1,2) 0704.0037(1,2) 0704.0038(1,2) 0704.0044(3,2) 0704.0045(1,2) 0704.0057(1,0) 0704.0059(4,2) 0704.0060(2,2) 0704.0065(1,0) 0704.0094(1,0) 0704.0095(5,0) 0704.0096(1,2) 0704.0099(10,0) 0704.0110(4,0) 0704.0111(2,0) 0704.0128(1,2) 0704.0134(1,0) 0704.0135(1,2) 0704.0139(1,2) 0704.0140(1,0) 0704.0141(1,2) 
1,277 3.34639 : 0704.0027(1,0) 0704.0030(3,0) 0704.0050(1,0) 0704.0093(1,0) 0704.0126(2,0) 
1,278 4.26268 : 0704.0027(1,0) 0704.0113(1,0) 
1,279 3.34639 : 0704.0027(1,0) 0704.0032(2,0) 0704.0088(2,0) 0704.0133(2,0) 0704.0135(1,0) 
1,280 2.87639 : 0704.0027(1,0) 0704.0044(1,0) 0704.0070(1,0) 0704.0109(1,0) 0704.0119(2,0) 0704.0122(1,0) 0704.0126(3,0) 0704.0127(4,1) 
1,281 4.95583 : 0704.0027(1,0) 
1,282 4.95583 : 0704.0027(1,0) 
1,283 3.56953 : 0704.0027(1,0) 0704.0057(3,0) 0704.0114(1,0) 0704.0142(1,0) 
1,284 3.85721 : 0704.0027(1,0) 0704.0035(1,0) 0704.0089(1,0) 
1,285 3.16407 : 0704.0027(1,0) 0704.0032(1,0) 0704.0037(1,0) 0704.0080(1,0) 0704.0093(2,0) 0704.0106(2,0) 
1,286 3.56953 : 0704.0027(1,0) 0704.0062(1,0) 0704.0106(1,0) 0704.0123(1,0) 
1,287 4.26268 : 0704.0027(1,0) 0704.0132(1,0) 
1,288 4.95583 : 0704.0027(1,0) 
1,289 4.26268 : 0704.0027(1,0) 0704.0113(1,0) 
1,290 3.56953 : 0704.0027(1,0) 0704.0085(2,0) 0704.0114(1,0) 0704.0142(1,0) 
1,291 2.65324 : 0704.0027(2,2) 0704.0049(1,2) 0704.0062(1,0) 0704.0082(1,0) 0704.0083(1,2) 0704.0105(1,0) 0704.0106(2,0) 0704.0118(1,0) 0704.0128(1,2) 0704.0133(1,2) 
1,292 4.95583 : 0704.0027(2,2) 
1,293 4.95583 : 0704.0027(1,2) 
1,294 4.95583 : 0704.0027(1,2) 
1,295 4.95583 : 0704.0027(1,2) 
1,296 1.82033 : 0704.0027(1,2) 0704.0032(1,0) 0704.0033(1,1) 0704.0039(3,0) 0704.0043(1,0) 0704.0046(1,2) 0704.0047(3,2) 0704.0050(2,2) 0704.0058(8,0) 0704.0059(1,0) 0704.0064(1,0) 0704.0065(1,2) 0704.0068(2,0) 0704.0079(3,0) 0704.0089(1,2) 0704.0095(1,0) 0704.0100(1,0) 0704.0107(1,2) 0704.0123(1,0) 0704.0125(1,1) 0704.0126(6,1) 0704.0129(1,0) 0704.0131(3,0) 
1,297 4.95583 : 0704.0027(1,2) 
1,298 4.95583 : 0704.0027(1,2) 
1,299 4.95583 : 0704.0028(1,1) 
1,300 4.95583 : 0704.0028(1,1) 
1,301 4.95583 : 0704.0028(1,1) 
1,302 4.95583 : 0704.0028(2,1) 
1,303 2.65324 : 0704.0028(1,0) 0704.0033(1,0) 0704.0069(1,0) 0704.0091(1,0) 0704.0099(1,0) 0704.0102(1,0) 0704.0110(1,0) 0704.0115(1,0) 0704.0124(1,0) 0704.0125(1,0) 
1,304 4.95583 : 0704.0028(1,0) 
1,305 4.95583 : 0704.0028(2,0) 
1,306 4.95583 : 0704.0028(1,0) 
1,307 4.95583 : 0704.0028(1,0) 
1,308 4.26268 : 0704.0028(1,0) 0704.0099(4,1) 
1,309 4.95583 : 0704.0028(1,0) 
1,310 4.95583 : 0704.0028(1,0) 
1,311 3.16407 : 0704.0028(1,0) 0704.0036(3,0) 0704.0040(1,0) 0704.0049(1,0) 0704.0065(2,0) 0704.0099(1,0) 
1,312 3.16407 : 0704.0028(1,0) 0704.0053(1,0) 0704.0074(1,0) 0704.0094(1,0) 0704.0105(1,0) 0704.0106(1,0) 
1,313 4.26268 : 0704.0028(1,0) 0704.0114(1,0) 
1,314 3.16407 : 0704.0028(1,0) 0704.0039(1,0) 0704.0046(1,0) 0704.0081(2,0) 0704.0098(1,0) 0704.0099(3,0) 
1,315 4.95583 : 0704.0028(1,0) 
1,316 4.26268 : 0704.0028(1,0) 0704.0045(1,0) 
1,317 4.26268 : 0704.0028(1,0) 0704.0094(1,0) 
1,318 4.26268 : 0704.0028(1,0) 0704.0080(4,0) 
1,319 4.95583 : 0704.0028(1,0) 
1,320 4.95583 : 0704.0028(1,0) 
1,321 3.56953 : 0704.0028(1,0) 0704.0052(1,0) 0704.0083(1,0) 0704.0087(1,0) 
1,322 3.85721 : 0704.0028(1,0) 0704.0079(1,0) 0704.0093(1,0) 
1,323 4.95583 : 0704.0028(1,0) 
1,324 3.56953 : 0704.0028(1,0) 0704.0057(1,1) 0704.0109(1,0) 0704.0137(1,0) 
1,325 4.95583 : 0704.0028(1,2) 
1,326 4.95583 : 0704.0028(2,2) 
1,327 4.95583 : 0704.0028(1,2) 
1,328 3.56953 : 0704.0029(6,1) 0704.0032(1,0) 0704.0076(1,0) 0704.0106(2,0) 
1,329 3.34639 : 0704.0029(3,1) 0704.0064(4,1) 0704.0078(1,0) 0704.0114(1,0) 0704.0118(1,0) 
1,330 4.95583 : 0704.0029(3,1) 
1,331 4.26268 : 0704.0029(4,1) 0704.0060(4,0) 
1,332 4.26268 : 0704.0029(1,1) 0704.0092(1,1) 
1,333 4.95583 : 0704.0029(3,0) 
1,334 4.95583 : 0704.0029(1,0) 
1,335 4.95583 : 0704.0029(4,0) 
1,336 4.95583 : 0704.0029(1,0) 
1,337 4.95583 : 0704.0029(1,0) 
1,338 3.85721 : 0704.0029(1,0) 0704.0032(1,0) 0704.0090(1,0) 
1,339 4.95583 : 0704.0029(2,0) 
1,340 3.85721 : 0704.0029(2,0) 0704.0134(2,0) 0704.0136(2,0) 
1,341 4.95583 : 0704.0029(1,0) 
1,342 4.26268 : 0704.0029(1,0) 0704.0126(1,0) 
1,343 4.26268 : 0704.0029(1,0) 0704.0068(1,0) 
1,344 3.16407 : 0704.0029(1,0) 0704.0105(1,0) 0704.0117(1,0) 0704.0122(1,0) 0704.0135(1,0) 0704.0142(1,0) 
1,345 4.95583 : 0704.0029(1,0) 
1,346 4.95583 : 0704.0029(1,0) 
1,347 4.95583 : 0704.0029(1,0) 
1,348 4.95583 : 0704.0029(1,0) 
1,349 4.95583 : 0704.0029(1,2) 
1,350 4.26268 : 0704.0029(2,2) 0704.0075(1,2) 
1,351 4.26268 : 0704.0029(1,2) 0704.0099(1,0) 
1,352 4.95583 : 0704.0029(1,2) 
1,353 3.85721 : 0704.0029(1,2) 0704.0075(1,2) 0704.0120(1,2) 
1,354 3.85721 : 0704.0029(1,2) 0704.0075(2,2) 0704.0120(1,2) 
1,355 3.56953 : 0704.0029(1,2) 0704.0075(1,2) 0704.0093(1,2) 0704.0106(1,2) 
1,356 4.26268 : 0704.0029(1,2) 0704.0075(1,2) 
1,357 4.95583 : 0704.0030(2,1) 
1,358 2.87639 : 0704.0030(1,0) 0704.0037(1,0) 0704.0053(1,0) 0704.0055(1,0) 0704.0060(1,0) 0704.0074(1,0) 0704.0082(1,0) 0704.0084(1,0) 
1,359 4.95583 : 0704.0030(1,0) 
1,360 4.95583 : 0704.0030(1,0) 
1,361 3.56953 : 0704.0030(1,0) 0704.0057(1,0) 0704.0070(2,1) 0704.0132(2,1) 
1,362 4.95583 : 0704.0030(1,0) 
1,363 3.34639 : 0704.0030(1,0) 0704.0043(1,0) 0704.0056(1,0) 0704.0080(3,0) 0704.0112(1,1) 
1,364 4.95583 : 0704.0030(1,0) 
1,365 3.85721 : 0704.0030(1,0) 0704.0052(2,0) 0704.0074(1,0) 
1,366 4.95583 : 0704.0030(1,0) 
1,367 4.95583 : 0704.0030(1,0) 
1,368 4.26268 : 0704.0030(1,0) 0704.0044(3,0) 
1,369 3.34639 : 0704.0030(1,0) 0704.0053(1,0) 0704.0069(1,0) 0704.0104(1,0) 0704.0139(1,0) 
1,370 4.95583 : 0704.0030(1,0) 
1,371 4.26268 : 0704.0030(2,0) 0704.0057(3,1) 
1,372 4.95583 : 0704.0030(1,0) 
1,373 4.95583 : 0704.0030(1,0) 
1,374 3.85721 : 0704.0030(1,0) 0704.0075(1,0) 0704.0080(1,0) 
1,375 3.34639 : 0704.0030(1,0) 0704.0047(1,0) 0704.0114(1,0) 0704.0128(1,0) 0704.0138(1,0) 
1,376 3.56953 : 0704.0030(1,0) 0704.0044(1,0) 0704.0047(1,0) 0704.0080(1,0) 
1,377 4.95583 : 0704.0030(1,0) 
1,378 4.26268 : 0704.0030(1,0) 0704.0128(1,0) 
1,379 3.85721 : 0704.0030(1,0) 0704.0080(1,0) 0704.0083(1,0) 
1,380 3.00992 : 0704.0030(1,0) 0704.0032(5,0) 0704.0056(1,0) 0704.0080(1,0) 0704.0101(1,0) 0704.0113(2,0) 0704.0135(1,0) 
1,381 3.56953 : 0704.0030(1,0) 0704.0044(1,0) 0704.0048(1,0) 0704.0135(1,0) 
1,382 4.26268 : 0704.0030(1,0) 0704.0119(2,0) 
1,383 3.34639 : 0704.0030(1,0) 0704.0041(1,0) 0704.0059(1,0) 0704.0063(5,1) 0704.0106(1,0) 
1,384 4.95583 : 0704.0030(1,0) 
1,385 4.26268 : 0704.0030(1,0) 0704.0120(1,0) 
1,386 4.95583 : 0704.0030(1,0) 
1,387 4.95583 : 0704.0030(1,2) 
1,388 4.95583 : 0704.0030(2,2) 
1,389 4.95583 : 0704.0030(1,2) 
1,390 3.16407 : 0704.0031(7,1) 0704.0055(2,0) 0704.0056(2,0) 0704.0057(3,0) 0704.0118(3,1) 0704.0119(2,1) 
1,391 4.95583 : 0704.0031(1,1) 
1,392 4.95583 : 0704.0031(2,1) 
1,393 4.95583 : 0704.0031(3,1) 
1,394 4.95583 : 0704.0031(3,1) 
1,395 3.56953 : 0704.0031(1,0) 0704.0117(1,0) 0704.0122(1,0) 0704.0135(1,0) 
1,396 2.55793 : 0704.0031(1,0) 0704.0033(1,0) 0704.0035(1,0) 0704.0037(3,1) 0704.0038(1,0) 0704.0056(1,0) 0704.0084(2,0) 0704.0086(5,0) 0704.0116(1,0) 0704.0136(5,0) 0704.0141(1,0) 
1,397 3.56953 : 0704.0031(1,0) 0704.0046(2,1) 0704.0098(1,0) 0704.0106(1,0) 
1,398 3.85721 : 0704.0031(1,0) 0704.0039(1,0) 0704.0076(1,0) 
1,399 4.95583 : 0704.0031(1,0) 
1,400 4.26268 : 0704.0031(1,0) 0704.0084(1,0) 
1,401 4.95583 : 0704.0031(1,0) 
1,402 4.95583 : 0704.0031(1,0) 
1,403 4.95583 : 0704.0031(1,0) 
1,404 4.95583 : 0704.0031(1,0) 
1,405 4.95583 : 0704.0031(1,0) 
1,406 4.26268 : 0704.0031(1,0) 0704.0063(1,0) 
1,407 4.95583 : 0704.0031(1,0) 
1,408 4.95583 : 0704.0031(1,0) 
1,409 4.95583 : 0704.0031(1,0) 
1,410 4.95583 : 0704.0031(1,0) 
1,411 4.95583 : 0704.0031(1,0) 
1,412 3.00992 : 0704.0031(1,0) 0704.0038(1,0) 0704.0067(1,0) 0704.0078(1,0) 0704.0114(3,0) 0704.0129(1,0) 0704.0140(1,0) 
1,413 3.85721 : 0704.0031(1,0) 0704.0037(1,0) 0704.0093(2,1) 
1,414 4.95583 : 0704.0031(1,0) 
1,415 4.95583 : 0704.0031(1,0) 
1,416 4.95583 : 0704.0031(1,0) 
1,417 4.95583 : 0704.0031(1,0) 
1,418 4.95583 : 0704.0031(1,0) 
1,419 4.95583 : 0704.0031(1,0) 
1,420 4.95583 : 0704.0031(1,0) 
1,421 4.95583 : 0704.0031(1,0) 
1,422 4.95583 : 0704.0031(1,0) 
1,423 3.85721 : 0704.0031(1,0) 0704.0066(1,0) 0704.0117(1,0) 
1,424 4.95583 : 0704.0031(1,0) 
1,425 3.16407 : 0704.0031(1,0) 0704.0038(1,0) 0704.0061(1,0) 0704.0091(1,0) 0704.0095(1,0) 0704.0117(1,0) 
1,426 4.26268 : 0704.0031(1,0) 0704.0119(1,0) 
1,427 4.95583 : 0704.0031(1,2) 
1,428 4.95583 : 0704.0031(2,2) 
1,429 2.39088 : 0704.0031(1,2) 0704.0034(1,2) 0704.0053(3,0) 0704.0059(1,0) 0704.0062(2,2) 0704.0081(1,2) 0704.0086(1,2) 0704.0088(2,2) 0704.0094(4,0) 0704.0126(6,1) 0704.0127(1,2) 0704.0132(1,2) 0704.0141(1,2) 
1,430 4.95583 : 0704.0032(2,1) 
1,431 4.95583 : 0704.0032(4,1) 
1,432 4.95583 : 0704.0032(2,1) 
1,433 4.95583 : 0704.0032(2,1) 
1,434 4.26268 : 0704.0032(1,0) 0704.0093(1,0) 
1,435 3.85721 : 0704.0032(2,0) 0704.0042(1,0) 0704.0141(1,0) 
1,436 4.95583 : 0704.0032(7,0) 
1,437 3.85721 : 0704.0032(1,0) 0704.0048(2,0) 0704.0133(1,0) 
1,438 4.95583 : 0704.0032(3,0) 
1,439 4.26268 : 0704.0032(1,0) 0704.0045(4,0) 
1,440 2.87639 : 0704.0032(1,0) 0704.0038(1,0) 0704.0040(1,0) 0704.0044(1,0) 0704.0045(2,0) 0704.0064(2,0) 0704.0103(1,0) 0704.0126(1,0) 
1,441 4.95583 : 0704.0032(1,0) 
1,442 4.95583 : 0704.0032(1,0) 
1,443 4.95583 : 0704.0032(2,0) 
1,444 4.95583 : 0704.0032(1,0) 
1,445 3.85721 : 0704.0032(1,0) 0704.0063(1,0) 0704.0069(1,0) 
1,446 4.95583 : 0704.0032(1,0) 
1,447 3.85721 : 0704.0032(1,0) 0704.0078(1,0) 0704.0103(1,0) 
1,448 4.95583 : 0704.0032(1,0) 
1,449 4.95583 : 0704.0032(1,0) 
1,450 4.26268 : 0704.0032(1,0) 0704.0045(2,1) 
1,451 4.95583 : 0704.0032(1,0) 
1,452 3.85721 : 0704.0032(1,0) 0704.0052(1,0) 0704.0100(1,0) 
1,453 4.95583 : 0704.0032(1,0) 
1,454 4.95583 : 0704.0032(3,0) 
1,455 4.95583 : 0704.0032(1,0) 
1,456 3.56953 : 0704.0032(1,0) 0704.0100(1,0) 0704.0112(1,1) 0704.0120(4,1) 
1,457 2.87639 : 0704.0032(1,0) 0704.0033(1,0) 0704.0035(1,0) 0704.0038(1,0) 0704.0058(1,0) 0704.0068(1,0) 0704.0120(1,0) 0704.0121(1,0) 
1,458 4.95583 : 0704.0032(1,0) 
1,459 4.95583 : 0704.0032(1,0) 
1,460 4.95583 : 0704.0032(1,0) 
1,461 4.95583 : 0704.0032(1,0) 
1,462 3.85721 : 0704.0032(1,0) 0704.0075(1,0) 0704.0080(2,0) 
1,463 4.95583 : 0704.0032(1,0) 
1,464 4.95583 : 0704.0032(1,0) 
1,465 3.34639 : 0704.0032(1,0) 0704.0041(3,0) 0704.0077(1,1) 0704.0085(2,0) 0704.0140(1,0) 
1,466 2.87639 : 0704.0032(1,0) 0704.0033(1,0) 0704.0067(1,0) 0704.0084(1,0) 0704.0091(1,0) 0704.0094(1,0) 0704.0098(1,0) 0704.0138(1,0) 
1,467 3.56953 : 0704.0032(1,0) 0704.0036(1,0) 0704.0076(1,0) 0704.0109(1,0) 
1,468 3.34639 : 0704.0032(1,0) 0704.0044(1,0) 0704.0059(1,0) 0704.0064(4,0) 0704.0099(1,0) 
1,469 4.95583 : 0704.0032(1,2) 
1,470 4.95583 : 0704.0032(2,2) 
1,471 4.95583 : 0704.0032(2,2) 
1,472 4.26268 : 0704.0032(1,2) 0704.0062(2,2) 
1,473 2.7586 : 0704.0032(1,2) 0704.0044(2,2) 0704.0059(3,2) 0704.0065(1,0) 0704.0069(1,2) 0704.0071(1,2) 0704.0093(1,2) 0704.0114(1,0) 0704.0132(1,2) 
1,474 4.95583 : 0704.0032(1,2) 
1,475 3.85721 : 0704.0033(4,1) 0704.0035(1,1) 0704.0095(1,0) 
1,476 3.16407 : 0704.0033(3,1) 0704.0035(2,1) 0704.0037(2,1) 0704.0038(2,1) 0704.0070(2,1) 0704.0122(4,0) 
1,477 4.26268 : 0704.0033(1,0) 0704.0138(1,0) 
1,478 4.95583 : 0704.0033(1,0) 
1,479 3.85721 : 0704.0033(4,0) 0704.0037(3,0) 0704.0038(3,0) 
1,480 3.85721 : 0704.0033(2,0) 0704.0035(1,0) 0704.0037(1,0) 
1,481 4.26268 : 0704.0033(1,0) 0704.0043(1,0) 
1,482 3.85721 : 0704.0033(1,0) 0704.0083(2,0) 0704.0115(1,1) 
1,483 3.16407 : 0704.0033(3,0) 0704.0069(2,0) 0704.0084(1,0) 0704.0088(2,0) 0704.0121(1,0) 0704.0140(3,0) 
1,484 2.87639 : 0704.0033(2,0) 0704.0037(1,0) 0704.0046(1,0) 0704.0067(2,0) 0704.0106(1,0) 0704.0108(1,0) 0704.0127(2,0) 0704.0131(1,0) 
1,485 3.56953 : 0704.0033(1,0) 0704.0038(1,0) 0704.0044(1,0) 0704.0061(1,0) 
1,486 3.85721 : 0704.0033(1,0) 0704.0047(1,0) 0704.0050(1,0) 
1,487 3.56953 : 0704.0033(1,0) 0704.0072(1,0) 0704.0091(1,0) 0704.0129(1,0) 
1,488 4.95583 : 0704.0033(1,0) 
1,489 3.56953 : 0704.0033(2,0) 0704.0062(1,0) 0704.0106(1,0) 0704.0138(1,0) 
1,490 4.26268 : 0704.0033(4,0) 0704.0035(1,0) 
1,491 3.85721 : 0704.0033(3,0) 0704.0035(1,0) 0704.0038(1,0) 
1,492 4.95583 : 0704.0033(2,0) 
1,493 4.95583 : 0704.0033(1,0) 
1,494 4.26268 : 0704.0033(1,0) 0704.0038(1,0) 
1,495 4.26268 : 0704.0033(1,0) 0704.0123(1,0) 
1,496 4.95583 : 0704.0033(1,0) 
1,497 3.85721 : 0704.0033(1,0) 0704.0094(1,1) 0704.0132(1,0) 
1,498 3.85721 : 0704.0033(1,0) 0704.0058(1,0) 0704.0085(1,0) 
1,499 3.85721 : 0704.0033(1,0) 0704.0038(3,1) 0704.0101(1,0) 
1,500 4.95583 : 0704.0033(1,0) 
1,501 3.56953 : 0704.0033(2,2) 0704.0035(2,2) 0704.0037(2,2) 0704.0038(2,2) 
1,502 3.56953 : 0704.0033(2,2) 0704.0035(2,2) 0704.0037(2,2) 0704.0038(2,2) 
1,503 3.56953 : 0704.0033(1,2) 0704.0035(1,2) 0704.0037(1,2) 0704.0114(2,2) 
1,504 3.85721 : 0704.0033(1,2) 0704.0035(1,2) 0704.0037(1,2) 
1,505 3.56953 : 0704.0033(1,2) 0704.0035(1,2) 0704.0037(1,2) 0704.0038(1,2) 
1,506 3.56953 : 0704.0033(1,2) 0704.0035(1,2) 0704.0037(1,2) 0704.0038(1,2) 
1,507 4.26268 : 0704.0034(1,1) 0704.0090(1,0) 
1,508 4.95583 : 0704.0034(1,1) 
1,509 4.95583 : 0704.0034(1,0) 
1,510 4.26268 : 0704.0034(1,0) 0704.0123(3,0) 
1,511 4.95583 : 0704.0034(1,0) 
1,512 3.16407 : 0704.0034(1,0) 0704.0066(1,0) 0704.0069(1,0) 0704.0090(2,0) 0704.0091(1,0) 0704.0094(1,0) 
1,513 4.95583 : 0704.0034(1,0) 
1,514 4.95583 : 0704.0034(1,0) 
1,515 4.95583 : 0704.0034(2,2) 
1,516 4.95583 : 0704.0034(2,2) 
1,517 4.95583 : 0704.0035(4,1) 
1,518 4.26268 : 0704.0035(1,1) 0704.0037(2,0) 
1,519 3.85721 : 0704.0035(3,0) 0704.0042(1,0) 0704.0072(1,0) 
1,520 3.34639 : 0704.0035(1,0) 0704.0037(1,0) 0704.0069(2,0) 0704.0077(1,0) 0704.0099(1,0) 
1,521 4.26268 : 0704.0035(1,0) 0704.0037(1,0) 
1,522 3.34639 : 0704.0035(2,0) 0704.0047(1,0) 0704.0062(1,0) 0704.0098(1,0) 0704.0113(1,0) 
1,523 4.95583 : 0704.0035(1,0) 
1,524 3.34639 : 0704.0035(2,0) 0704.0047(1,0) 0704.0058(1,0) 0704.0117(1,0) 0704.0135(1,0) 
1,525 3.56953 : 0704.0035(1,0) 0704.0040(1,0) 0704.0080(1,0) 0704.0098(1,0) 
1,526 4.95583 : 0704.0035(1,0) 
1,527 3.85721 : 0704.0035(1,0) 0704.0089(1,0) 0704.0128(1,0) 
1,528 4.95583 : 0704.0035(1,0) 
1,529 4.95583 : 0704.0035(1,0) 
1,530 4.95583 : 0704.0035(2,0) 
1,531 4.26268 : 0704.0035(1,0) 0704.0037(1,0) 
1,532 4.95583 : 0704.0035(1,0) 
1,533 4.26268 : 0704.0035(1,0) 0704.0131(1,0) 
1,534 4.95583 : 0704.0035(1,0) 
1,535 4.95583 : 0704.0035(1,0) 
1,536 3.34639 : 0704.0035(2,0) 0704.0039(2,0) 0704.0089(1,0) 0704.0094(1,0) 0704.0107(1,0) 
1,537 4.95583 : 0704.0035(1,0) 
1,538 4.26268 : 0704.0035(1,0) 0704.0046(1,0) 
1,539 4.95583 : 0704.0035(1,0) 
1,540 4.26268 : 0704.0035(1,0) 0704.0052(1,0) 
1,541 2.47092 : 0704.0035(1,0) 0704.0066(1,0) 0704.0078(1,0) 0704.0081(1,0) 0704.0088(2,0) 0704.0099(1,0) 0704.0111(1,1) 0704.0116(1,0) 0704.0121(1,0) 0704.0135(1,0) 0704.0138(1,0) 0704.0139(1,0) 
1,542 4.26268 : 0704.0036(1,1) 0704.0111(1,0) 
1,543 4.95583 : 0704.0036(10,1) 
1,544 3.34639 : 0704.0036(1,1) 0704.0082(1,0) 0704.0090(1,0) 0704.0098(1,0) 0704.0106(2,1) 
1,545 4.95583 : 0704.0036(1,1) 
1,546 4.95583 : 0704.0036(2,0) 
1,547 4.95583 : 0704.0036(2,0) 
1,548 4.95583 : 0704.0036(2,0) 
1,549 4.95583 : 0704.0036(2,0) 
1,550 4.95583 : 0704.0036(1,0) 
1,551 4.95583 : 0704.0036(1,0) 
1,552 4.26268 : 0704.0036(1,0) 0704.0114(1,0) 
1,553 3.56953 : 0704.0036(1,0) 0704.0084(1,0) 0704.0099(1,0) 0704.0135(1,0) 
1,554 4.26268 : 0704.0036(1,0) 0704.0050(1,0) 
1,555 4.26268 : 0704.0036(1,0) 0704.0135(1,0) 
1,556 3.85721 : 0704.0036(1,0) 0704.0082(1,0) 0704.0127(1,0) 
1,557 3.16407 : 0704.0036(1,0) 0704.0037(1,0) 0704.0042(1,1) 0704.0044(1,0) 0704.0053(5,0) 0704.0127(1,0) 
1,558 4.95583 : 0704.0036(1,0) 
1,559 4.95583 : 0704.0036(1,0) 
1,560 4.26268 : 0704.0036(1,0) 0704.0051(1,0) 
1,561 4.95583 : 0704.0036(1,0) 
1,562 4.95583 : 0704.0036(1,0) 
1,563 4.95583 : 0704.0036(1,0) 
1,564 2.7586 : 0704.0036(3,0) 0704.0037(1,0) 0704.0048(1,0) 0704.0055(2,0) 0704.0065(2,0) 0704.0070(1,0) 0704.0090(1,0) 0704.0120(1,0) 0704.0141(2,1) 
1,565 4.26268 : 0704.0036(1,0) 0704.0052(1,0) 
1,566 3.85721 : 0704.0036(1,0) 0704.0052(2,0) 0704.0120(1,0) 
1,567 4.26268 : 0704.0036(1,0) 0704.0044(1,0) 
1,568 4.95583 : 0704.0036(1,0) 
1,569 3.16407 : 0704.0036(1,0) 0704.0065(1,0) 0704.0066(1,0) 0704.0073(1,0) 0704.0080(1,0) 0704.0082(2,0) 
1,570 3.85721 : 0704.0036(1,0) 0704.0119(1,0) 0704.0123(1,0) 
1,571 4.95583 : 0704.0036(1,0) 
1,572 4.26268 : 0704.0036(1,0) 0704.0044(3,1) 
1,573 4.95583 : 0704.0036(2,0) 
1,574 4.95583 : 0704.0036(2,0) 
1,575 3.00992 : 0704.0036(2,0) 0704.0066(1,0) 0704.0069(1,0) 0704.0082(3,0) 0704.0084(2,0) 0704.0103(1,0) 0704.0134(1,0) 
1,576 4.95583 : 0704.0036(2,2) 
1,577 4.95583 : 0704.0036(2,2) 
1,578 4.95583 : 0704.0036(1,2) 
1,579 4.95583 : 0704.0037(2,1) 
1,580 4.95583 : 0704.0037(2,0) 
1,581 4.95583 : 0704.0037(1,0) 
1,582 3.85721 : 0704.0037(2,0) 0704.0038(1,0) 0704.0135(1,0) 
1,583 4.95583 : 0704.0037(1,0) 
1,584 4.95583 : 0704.0037(1,0) 
1,585 4.95583 : 0704.0037(1,0) 
1,586 3.34639 : 0704.0037(1,0) 0704.0058(1,0) 0704.0075(1,0) 0704.0117(1,0) 0704.0128(1,0) 
1,587 4.26268 : 0704.0037(2,0) 0704.0123(1,0) 
1,588 4.95583 : 0704.0037(2,0) 
1,589 4.95583 : 0704.0037(1,0) 
1,590 4.95583 : 0704.0037(1,0) 
1,591 2.65324 : 0704.0037(1,0) 0704.0058(1,0) 0704.0074(1,0) 0704.0079(1,0) 0704.0084(3,0) 0704.0087(1,0) 0704.0106(1,0) 0704.0128(1,0) 0704.0138(1,0) 0704.0139(1,0) 
1,592 4.95583 : 0704.0037(1,0) 
1,593 4.95583 : 0704.0037(1,0) 
1,594 4.26268 : 0704.0037(1,0) 0704.0064(1,0) 
1,595 4.26268 : 0704.0037(1,0) 0704.0071(1,0) 
1,596 4.95583 : 0704.0037(1,0) 
1,597 4.95583 : 0704.0037(1,0) 
1,598 4.95583 : 0704.0037(1,0) 
1,599 3.34639 : 0704.0037(2,0) 0704.0080(8,1) 0704.0086(1,0) 0704.0094(3,0) 0704.0139(4,1) 
1,600 4.95583 : 0704.0037(1,0) 
