2,401 4.95583 : 0704.0063(1,0) 
2,402 4.95583 : 0704.0063(1,0) 
2,403 4.95583 : 0704.0063(2,2) 
2,404 4.95583 : 0704.0063(2,2) 
2,405 4.26268 : 0704.0064(4,1) 0704.0095(1,0) 
2,406 4.26268 : 0704.0064(4,1) 0704.0111(1,1) 
2,407 4.95583 : 0704.0064(4,1) 
2,408 4.26268 : 0704.0064(3,1) 0704.0081(1,0) 
2,409 3.34639 : 0704.0064(4,1) 0704.0078(2,1) 0704.0085(1,0) 0704.0104(1,0) 0704.0121(8,1) 
2,410 4.95583 : 0704.0064(1,0) 
2,411 4.95583 : 0704.0064(1,0) 
2,412 4.95583 : 0704.0064(1,0) 
2,413 4.95583 : 0704.0064(1,0) 
2,414 4.95583 : 0704.0064(3,0) 
2,415 3.34639 : 0704.0064(2,0) 0704.0066(2,1) 0704.0084(1,0) 0704.0085(1,0) 0704.0105(1,0) 
2,416 4.26268 : 0704.0064(2,0) 0704.0080(1,0) 
2,417 4.95583 : 0704.0064(2,0) 
2,418 4.95583 : 0704.0064(1,0) 
2,419 4.26268 : 0704.0064(1,0) 0704.0071(1,0) 
2,420 3.56953 : 0704.0064(1,0) 0704.0066(1,0) 0704.0105(1,0) 0704.0119(2,0) 
2,421 3.56953 : 0704.0064(1,0) 0704.0082(1,0) 0704.0124(1,0) 0704.0127(3,0) 
2,422 4.26268 : 0704.0064(1,0) 0704.0127(1,0) 
2,423 3.85721 : 0704.0064(1,0) 0704.0083(1,0) 0704.0089(1,0) 
2,424 3.34639 : 0704.0064(1,0) 0704.0095(1,0) 0704.0100(1,0) 0704.0123(1,0) 0704.0129(1,0) 
2,425 4.95583 : 0704.0064(1,0) 
2,426 4.95583 : 0704.0064(1,0) 
2,427 3.56953 : 0704.0064(2,0) 0704.0080(4,0) 0704.0119(1,0) 0704.0126(1,0) 
2,428 4.95583 : 0704.0064(1,0) 
2,429 3.34639 : 0704.0064(1,0) 0704.0066(4,0) 0704.0072(2,1) 0704.0083(1,0) 0704.0089(2,0) 
2,430 4.95583 : 0704.0064(1,0) 
2,431 4.95583 : 0704.0064(1,0) 
2,432 4.26268 : 0704.0064(1,0) 0704.0085(1,0) 
2,433 4.95583 : 0704.0064(1,2) 
2,434 4.95583 : 0704.0064(1,2) 
2,435 4.95583 : 0704.0064(2,2) 
2,436 4.95583 : 0704.0065(3,1) 
2,437 4.95583 : 0704.0065(3,1) 
2,438 4.95583 : 0704.0065(5,1) 
2,439 4.26268 : 0704.0065(1,0) 0704.0070(2,1) 
2,440 4.26268 : 0704.0065(1,0) 0704.0122(1,0) 
2,441 4.95583 : 0704.0065(1,0) 
2,442 4.95583 : 0704.0065(1,0) 
2,443 4.26268 : 0704.0065(1,0) 0704.0107(1,0) 
2,444 4.95583 : 0704.0065(1,0) 
2,445 4.95583 : 0704.0065(1,0) 
2,446 4.26268 : 0704.0065(1,0) 0704.0091(1,0) 
2,447 4.95583 : 0704.0065(3,0) 
2,448 4.95583 : 0704.0065(1,0) 
2,449 4.26268 : 0704.0065(1,0) 0704.0138(2,0) 
2,450 4.95583 : 0704.0065(1,0) 
2,451 4.95583 : 0704.0065(1,0) 
2,452 4.26268 : 0704.0065(1,0) 0704.0098(1,0) 
2,453 4.26268 : 0704.0065(4,0) 0704.0140(2,0) 
2,454 4.95583 : 0704.0065(1,0) 
2,455 4.95583 : 0704.0065(1,0) 
2,456 3.85721 : 0704.0065(2,0) 0704.0084(1,0) 0704.0113(1,0) 
2,457 4.95583 : 0704.0065(1,0) 
2,458 4.95583 : 0704.0065(1,0) 
2,459 4.95583 : 0704.0065(1,0) 
2,460 4.95583 : 0704.0065(1,0) 
2,461 4.95583 : 0704.0065(1,0) 
2,462 4.95583 : 0704.0065(1,0) 
2,463 4.95583 : 0704.0065(1,0) 
2,464 4.95583 : 0704.0065(1,0) 
2,465 4.95583 : 0704.0065(1,0) 
2,466 4.95583 : 0704.0065(1,0) 
2,467 4.95583 : 0704.0065(2,2) 
2,468 3.34639 : 0704.0066(1,1) 0704.0106(1,0) 0704.0134(1,0) 0704.0137(3,1) 0704.0138(1,0) 
2,469 4.26268 : 0704.0066(1,1) 0704.0137(1,0) 
2,470 4.95583 : 0704.0066(1,1) 
2,471 3.85721 : 0704.0066(1,0) 0704.0097(1,0) 0704.0104(1,0) 
2,472 3.85721 : 0704.0066(1,0) 0704.0067(1,0) 0704.0103(1,0) 
2,473 4.95583 : 0704.0066(1,0) 
2,474 4.26268 : 0704.0066(3,0) 0704.0114(1,0) 
2,475 3.85721 : 0704.0066(1,0) 0704.0073(1,0) 0704.0115(1,0) 
2,476 4.95583 : 0704.0066(2,0) 
2,477 4.26268 : 0704.0066(1,0) 0704.0129(1,0) 
2,478 4.95583 : 0704.0066(1,0) 
2,479 4.95583 : 0704.0066(1,0) 
2,480 4.26268 : 0704.0066(2,0) 0704.0123(1,0) 
2,481 4.95583 : 0704.0066(1,0) 
2,482 4.95583 : 0704.0066(1,0) 
2,483 4.26268 : 0704.0066(1,0) 0704.0114(1,0) 
2,484 4.95583 : 0704.0066(1,0) 
2,485 4.95583 : 0704.0066(2,0) 
2,486 4.95583 : 0704.0066(1,0) 
2,487 4.95583 : 0704.0066(1,0) 
2,488 4.26268 : 0704.0066(1,0) 0704.0134(1,0) 
2,489 4.26268 : 0704.0066(2,0) 0704.0085(1,0) 
2,490 4.26268 : 0704.0066(2,0) 0704.0138(2,0) 
2,491 4.26268 : 0704.0066(2,0) 0704.0067(1,0) 
2,492 4.26268 : 0704.0066(2,0) 0704.0072(3,1) 
2,493 4.95583 : 0704.0066(1,0) 
2,494 4.26268 : 0704.0066(1,0) 0704.0083(1,0) 
2,495 4.26268 : 0704.0066(2,0) 0704.0131(3,1) 
2,496 4.26268 : 0704.0066(2,0) 0704.0099(1,0) 
2,497 4.95583 : 0704.0066(1,0) 
2,498 4.95583 : 0704.0066(1,0) 
2,499 4.95583 : 0704.0066(2,0) 
2,500 4.95583 : 0704.0066(1,0) 
2,501 4.95583 : 0704.0066(1,0) 
2,502 4.95583 : 0704.0066(1,0) 
2,503 4.95583 : 0704.0066(2,2) 
2,504 4.95583 : 0704.0066(1,2) 
2,505 4.95583 : 0704.0066(2,2) 
2,506 4.95583 : 0704.0067(2,1) 
2,507 4.95583 : 0704.0067(2,1) 
2,508 4.95583 : 0704.0067(3,1) 
2,509 4.95583 : 0704.0067(3,0) 
2,510 4.95583 : 0704.0067(1,0) 
2,511 4.95583 : 0704.0067(1,0) 
2,512 3.56953 : 0704.0067(1,0) 0704.0093(1,0) 0704.0109(1,0) 0704.0135(1,0) 
2,513 4.26268 : 0704.0067(2,0) 0704.0113(1,0) 
2,514 4.26268 : 0704.0067(1,0) 0704.0117(1,0) 
2,515 4.95583 : 0704.0067(1,0) 
2,516 4.95583 : 0704.0067(1,0) 
2,517 4.95583 : 0704.0067(1,0) 
2,518 4.95583 : 0704.0067(1,0) 
2,519 4.26268 : 0704.0067(1,0) 0704.0138(1,0) 
2,520 4.95583 : 0704.0067(1,0) 
2,521 4.95583 : 0704.0067(1,0) 
2,522 4.95583 : 0704.0067(4,0) 
2,523 4.95583 : 0704.0067(1,0) 
2,524 4.95583 : 0704.0067(1,0) 
2,525 4.95583 : 0704.0067(2,0) 
2,526 4.95583 : 0704.0067(1,0) 
2,527 4.95583 : 0704.0067(3,0) 
2,528 4.95583 : 0704.0067(1,0) 
2,529 3.85721 : 0704.0067(1,0) 0704.0091(1,0) 0704.0098(1,0) 
2,530 4.95583 : 0704.0067(1,0) 
2,531 4.26268 : 0704.0067(1,0) 0704.0106(1,0) 
2,532 4.95583 : 0704.0067(1,0) 
2,533 4.95583 : 0704.0067(1,0) 
2,534 4.95583 : 0704.0067(1,0) 
2,535 4.26268 : 0704.0067(1,0) 0704.0080(1,0) 
2,536 4.95583 : 0704.0067(1,0) 
2,537 3.85721 : 0704.0067(1,0) 0704.0077(1,0) 0704.0105(1,0) 
2,538 4.26268 : 0704.0067(1,0) 0704.0114(1,0) 
2,539 4.95583 : 0704.0067(2,2) 
2,540 4.95583 : 0704.0067(2,2) 
2,541 4.95583 : 0704.0068(1,1) 
2,542 4.95583 : 0704.0068(2,0) 
2,543 4.95583 : 0704.0068(1,0) 
2,544 4.95583 : 0704.0068(1,0) 
2,545 4.95583 : 0704.0068(2,0) 
2,546 4.26268 : 0704.0068(1,0) 0704.0095(1,0) 
2,547 4.95583 : 0704.0068(1,0) 
2,548 3.85721 : 0704.0068(1,0) 0704.0095(1,0) 0704.0099(1,0) 
2,549 4.26268 : 0704.0068(1,0) 0704.0073(1,0) 
2,550 3.56953 : 0704.0068(1,0) 0704.0095(1,0) 0704.0099(2,0) 0704.0142(1,0) 
2,551 4.95583 : 0704.0068(1,0) 
2,552 4.95583 : 0704.0068(1,0) 
2,553 4.95583 : 0704.0068(2,2) 
2,554 4.95583 : 0704.0068(2,2) 
2,555 4.95583 : 0704.0069(1,1) 
2,556 4.26268 : 0704.0069(2,1) 0704.0135(1,0) 
2,557 3.56953 : 0704.0069(1,1) 0704.0087(1,1) 0704.0105(1,0) 0704.0115(2,1) 
2,558 4.95583 : 0704.0069(1,0) 
2,559 3.34639 : 0704.0069(7,0) 0704.0095(1,0) 0704.0099(1,0) 0704.0111(1,0) 0704.0115(1,0) 
2,560 4.26268 : 0704.0069(1,0) 0704.0110(1,0) 
2,561 4.95583 : 0704.0069(1,0) 
2,562 4.95583 : 0704.0069(1,0) 
2,563 3.85721 : 0704.0069(1,0) 0704.0080(2,0) 0704.0125(1,0) 
2,564 4.95583 : 0704.0069(4,0) 
2,565 4.95583 : 0704.0069(4,0) 
2,566 4.26268 : 0704.0069(1,0) 0704.0128(1,0) 
2,567 4.95583 : 0704.0069(1,0) 
2,568 4.26268 : 0704.0069(1,0) 0704.0074(1,0) 
2,569 4.95583 : 0704.0069(1,0) 
2,570 4.26268 : 0704.0069(4,0) 0704.0113(1,0) 
2,571 2.87639 : 0704.0069(3,0) 0704.0073(1,0) 0704.0082(5,0) 0704.0084(2,0) 0704.0100(1,0) 0704.0109(1,0) 0704.0121(1,0) 0704.0129(1,0) 
2,572 4.26268 : 0704.0069(2,0) 0704.0127(1,0) 
2,573 4.95583 : 0704.0069(1,0) 
2,574 4.26268 : 0704.0069(1,0) 0704.0083(1,0) 
2,575 4.95583 : 0704.0069(1,0) 
2,576 4.95583 : 0704.0069(1,0) 
2,577 4.95583 : 0704.0069(1,0) 
2,578 4.95583 : 0704.0069(1,0) 
2,579 4.95583 : 0704.0069(1,0) 
2,580 4.95583 : 0704.0069(1,0) 
2,581 4.95583 : 0704.0069(1,0) 
2,582 4.95583 : 0704.0069(1,0) 
2,583 4.26268 : 0704.0069(1,0) 0704.0085(1,0) 
2,584 4.95583 : 0704.0069(1,0) 
2,585 4.95583 : 0704.0069(1,0) 
2,586 3.85721 : 0704.0069(3,0) 0704.0073(1,0) 0704.0102(1,0) 
2,587 4.95583 : 0704.0069(1,0) 
2,588 4.95583 : 0704.0069(1,0) 
2,589 4.95583 : 0704.0069(1,0) 
2,590 4.95583 : 0704.0069(1,0) 
2,591 4.95583 : 0704.0069(1,0) 
2,592 4.95583 : 0704.0069(2,2) 
2,593 4.95583 : 0704.0070(1,1) 
2,594 4.26268 : 0704.0070(2,1) 0704.0126(1,0) 
2,595 4.26268 : 0704.0070(1,0) 0704.0106(1,0) 
2,596 4.95583 : 0704.0070(1,0) 
2,597 4.95583 : 0704.0070(1,0) 
2,598 4.95583 : 0704.0070(3,0) 
2,599 4.95583 : 0704.0070(1,0) 
2,600 3.56953 : 0704.0070(1,0) 0704.0084(1,0) 0704.0094(1,0) 0704.0123(1,0) 
2,601 4.95583 : 0704.0070(1,0) 
2,602 3.34639 : 0704.0070(2,0) 0704.0091(1,0) 0704.0099(1,0) 0704.0140(1,0) 0704.0142(1,0) 
2,603 3.56953 : 0704.0070(1,0) 0704.0117(1,0) 0704.0120(2,0) 0704.0129(1,0) 
2,604 4.26268 : 0704.0070(1,0) 0704.0078(1,0) 
2,605 4.95583 : 0704.0070(1,0) 
2,606 4.26268 : 0704.0070(1,0) 0704.0085(1,0) 
2,607 4.95583 : 0704.0070(1,0) 
2,608 4.95583 : 0704.0070(2,2) 
2,609 4.26268 : 0704.0070(2,2) 0704.0120(1,2) 
2,610 4.95583 : 0704.0070(1,2) 
2,611 4.95583 : 0704.0070(1,2) 
2,612 4.95583 : 0704.0071(1,1) 
2,613 4.95583 : 0704.0071(1,1) 
2,614 4.95583 : 0704.0071(1,1) 
2,615 4.26268 : 0704.0071(1,1) 0704.0085(1,0) 
2,616 4.95583 : 0704.0071(2,1) 
2,617 4.95583 : 0704.0071(1,0) 
2,618 4.95583 : 0704.0071(1,0) 
2,619 4.95583 : 0704.0071(1,0) 
2,620 4.95583 : 0704.0071(1,2) 
2,621 4.95583 : 0704.0071(1,2) 
2,622 4.95583 : 0704.0071(1,2) 
2,623 4.95583 : 0704.0071(1,2) 
2,624 4.95583 : 0704.0072(2,1) 
2,625 4.95583 : 0704.0072(6,1) 
2,626 4.95583 : 0704.0072(1,0) 
2,627 4.26268 : 0704.0072(1,0) 0704.0085(1,0) 
2,628 4.26268 : 0704.0072(1,0) 0704.0104(1,0) 
2,629 4.95583 : 0704.0072(1,0) 
2,630 4.95583 : 0704.0072(1,0) 
2,631 4.95583 : 0704.0072(4,0) 
2,632 4.95583 : 0704.0072(1,0) 
2,633 4.26268 : 0704.0072(1,0) 0704.0113(1,0) 
2,634 4.95583 : 0704.0072(1,0) 
2,635 4.26268 : 0704.0072(1,0) 0704.0142(1,0) 
2,636 4.95583 : 0704.0072(1,2) 
2,637 4.95583 : 0704.0072(2,2) 
2,638 4.95583 : 0704.0073(1,1) 
2,639 4.95583 : 0704.0073(3,1) 
2,640 4.95583 : 0704.0073(3,1) 
2,641 4.95583 : 0704.0073(3,1) 
2,642 3.85721 : 0704.0073(1,0) 0704.0095(1,0) 0704.0122(1,0) 
2,643 4.95583 : 0704.0073(1,0) 
2,644 4.95583 : 0704.0073(1,0) 
2,645 4.95583 : 0704.0073(2,0) 
2,646 4.95583 : 0704.0073(1,0) 
2,647 4.26268 : 0704.0073(1,0) 0704.0095(1,0) 
2,648 4.26268 : 0704.0073(1,0) 0704.0085(1,0) 
2,649 4.95583 : 0704.0073(1,0) 
2,650 4.95583 : 0704.0073(1,0) 
2,651 4.95583 : 0704.0073(1,0) 
2,652 4.95583 : 0704.0073(1,0) 
2,653 4.95583 : 0704.0073(1,0) 
2,654 4.95583 : 0704.0073(1,0) 
2,655 4.95583 : 0704.0073(1,0) 
2,656 4.95583 : 0704.0073(2,2) 
2,657 4.95583 : 0704.0073(2,2) 
2,658 4.95583 : 0704.0074(5,1) 
2,659 4.95583 : 0704.0074(9,1) 
2,660 4.95583 : 0704.0074(6,1) 
2,661 4.95583 : 0704.0074(1,1) 
2,662 4.95583 : 0704.0074(1,0) 
2,663 4.95583 : 0704.0074(2,0) 
2,664 4.95583 : 0704.0074(2,0) 
2,665 4.95583 : 0704.0074(2,0) 
2,666 4.95583 : 0704.0074(1,0) 
2,667 4.95583 : 0704.0074(1,0) 
2,668 4.95583 : 0704.0074(1,0) 
2,669 4.95583 : 0704.0074(1,0) 
2,670 4.95583 : 0704.0074(1,0) 
2,671 4.26268 : 0704.0074(1,0) 0704.0080(1,0) 
2,672 4.26268 : 0704.0074(1,0) 0704.0122(1,0) 
2,673 4.95583 : 0704.0074(2,0) 
2,674 4.26268 : 0704.0074(1,0) 0704.0103(1,0) 
2,675 4.26268 : 0704.0074(1,0) 0704.0113(1,0) 
2,676 4.95583 : 0704.0074(1,0) 
2,677 4.95583 : 0704.0074(1,0) 
2,678 4.26268 : 0704.0074(3,0) 0704.0110(1,1) 
2,679 4.26268 : 0704.0074(1,0) 0704.0082(1,0) 
2,680 4.26268 : 0704.0074(1,0) 0704.0115(1,0) 
2,681 4.26268 : 0704.0074(1,0) 0704.0121(1,0) 
2,682 4.95583 : 0704.0074(2,0) 
2,683 3.56953 : 0704.0074(1,0) 0704.0099(1,0) 0704.0104(1,0) 0704.0140(1,0) 
2,684 4.95583 : 0704.0074(1,0) 
2,685 4.95583 : 0704.0074(1,0) 
2,686 4.95583 : 0704.0074(1,0) 
2,687 4.95583 : 0704.0074(1,0) 
2,688 4.95583 : 0704.0074(1,0) 
2,689 4.95583 : 0704.0074(1,2) 
2,690 4.95583 : 0704.0074(2,2) 
2,691 4.95583 : 0704.0074(1,2) 
2,692 3.85721 : 0704.0075(1,0) 0704.0097(1,0) 0704.0113(1,0) 
2,693 4.26268 : 0704.0075(1,0) 0704.0106(1,0) 
2,694 4.95583 : 0704.0075(1,0) 
2,695 4.95583 : 0704.0075(1,0) 
2,696 4.26268 : 0704.0075(1,0) 0704.0141(1,0) 
2,697 4.95583 : 0704.0075(2,2) 
2,698 3.56953 : 0704.0075(2,2) 0704.0117(1,2) 0704.0126(1,2) 0704.0127(2,2) 
2,699 4.95583 : 0704.0075(1,2) 
2,700 4.95583 : 0704.0075(1,2) 
2,701 4.95583 : 0704.0075(1,2) 
2,702 4.26268 : 0704.0076(3,1) 0704.0120(2,0) 
2,703 4.95583 : 0704.0076(3,1) 
2,704 4.95583 : 0704.0076(1,1) 
2,705 4.95583 : 0704.0076(1,0) 
2,706 4.95583 : 0704.0076(1,0) 
2,707 4.95583 : 0704.0076(1,0) 
2,708 4.95583 : 0704.0076(1,0) 
2,709 4.95583 : 0704.0076(1,0) 
2,710 3.34639 : 0704.0076(2,2) 0704.0080(1,2) 0704.0084(1,2) 0704.0105(2,2) 0704.0125(1,2) 
2,711 4.95583 : 0704.0076(2,2) 
2,712 4.26268 : 0704.0077(2,1) 0704.0086(1,0) 
2,713 4.95583 : 0704.0077(1,0) 
2,714 4.95583 : 0704.0077(1,0) 
2,715 4.26268 : 0704.0077(2,0) 0704.0094(1,0) 
2,716 4.95583 : 0704.0077(1,0) 
2,717 3.56953 : 0704.0077(1,0) 0704.0082(2,1) 0704.0103(1,1) 0704.0122(2,1) 
2,718 4.95583 : 0704.0077(1,0) 
2,719 4.95583 : 0704.0077(1,0) 
2,720 4.95583 : 0704.0077(2,2) 
2,721 4.95583 : 0704.0077(2,2) 
2,722 4.26268 : 0704.0078(2,1) 0704.0084(1,0) 
2,723 4.26268 : 0704.0078(2,1) 0704.0138(1,1) 
2,724 4.95583 : 0704.0078(1,0) 
2,725 4.26268 : 0704.0078(1,0) 0704.0122(1,0) 
2,726 4.95583 : 0704.0078(1,0) 
2,727 4.95583 : 0704.0078(1,0) 
2,728 4.95583 : 0704.0078(1,0) 
2,729 4.95583 : 0704.0078(1,0) 
2,730 3.34639 : 0704.0078(1,0) 0704.0082(3,0) 0704.0084(1,0) 0704.0087(1,0) 0704.0103(1,0) 
2,731 4.26268 : 0704.0078(1,0) 0704.0121(2,1) 
2,732 4.26268 : 0704.0078(1,0) 0704.0083(1,0) 
2,733 4.95583 : 0704.0078(2,2) 
2,734 4.95583 : 0704.0078(2,2) 
2,735 4.26268 : 0704.0078(1,2) 0704.0102(1,2) 
2,736 4.95583 : 0704.0078(1,2) 
2,737 4.95583 : 0704.0078(1,2) 
2,738 3.85721 : 0704.0079(2,1) 0704.0097(2,1) 0704.0099(2,0) 
2,739 3.34639 : 0704.0079(4,1) 0704.0081(1,0) 0704.0097(1,1) 0704.0102(1,0) 0704.0130(2,0) 
2,740 4.26268 : 0704.0079(1,0) 0704.0116(1,0) 
2,741 4.95583 : 0704.0079(1,0) 
2,742 3.85721 : 0704.0079(1,0) 0704.0104(2,0) 0704.0111(1,0) 
2,743 3.85721 : 0704.0079(4,0) 0704.0087(2,0) 0704.0142(2,0) 
2,744 3.85721 : 0704.0079(2,0) 0704.0118(1,0) 0704.0127(6,1) 
2,745 4.95583 : 0704.0079(1,0) 
2,746 4.95583 : 0704.0079(1,0) 
2,747 3.85721 : 0704.0079(1,0) 0704.0104(1,0) 0704.0130(1,0) 
2,748 4.95583 : 0704.0079(2,2) 
2,749 4.26268 : 0704.0079(1,2) 0704.0084(2,2) 
2,750 4.95583 : 0704.0079(1,2) 
2,751 4.95583 : 0704.0080(1,1) 
2,752 4.26268 : 0704.0080(3,1) 0704.0139(3,1) 
2,753 4.26268 : 0704.0080(3,1) 0704.0118(1,0) 
2,754 4.95583 : 0704.0080(5,0) 
2,755 4.95583 : 0704.0080(1,0) 
2,756 4.95583 : 0704.0080(9,0) 
2,757 3.56953 : 0704.0080(1,0) 0704.0127(1,0) 0704.0134(2,0) 0704.0138(1,0) 
2,758 3.85721 : 0704.0080(1,0) 0704.0098(1,0) 0704.0135(1,0) 
2,759 4.95583 : 0704.0080(1,0) 
2,760 4.26268 : 0704.0080(1,0) 0704.0118(1,0) 
2,761 4.95583 : 0704.0080(1,0) 
2,762 4.26268 : 0704.0080(2,0) 0704.0141(1,1) 
2,763 4.26268 : 0704.0080(1,0) 0704.0133(1,0) 
2,764 4.26268 : 0704.0080(3,0) 0704.0134(1,0) 
2,765 4.95583 : 0704.0080(1,0) 
2,766 4.95583 : 0704.0080(1,0) 
2,767 4.95583 : 0704.0080(1,0) 
2,768 4.95583 : 0704.0080(3,0) 
2,769 4.95583 : 0704.0080(1,0) 
2,770 4.95583 : 0704.0080(1,0) 
2,771 4.26268 : 0704.0080(1,0) 0704.0094(3,0) 
2,772 4.95583 : 0704.0080(1,0) 
2,773 4.95583 : 0704.0080(1,0) 
2,774 4.95583 : 0704.0080(1,0) 
2,775 4.26268 : 0704.0080(1,0) 0704.0085(3,1) 
2,776 3.85721 : 0704.0080(1,0) 0704.0098(1,0) 0704.0116(1,0) 
2,777 4.95583 : 0704.0080(1,0) 
2,778 4.95583 : 0704.0080(1,0) 
2,779 4.95583 : 0704.0080(1,0) 
2,780 4.95583 : 0704.0080(1,0) 
2,781 4.26268 : 0704.0080(1,0) 0704.0136(2,0) 
2,782 4.26268 : 0704.0080(2,0) 0704.0084(1,0) 
2,783 4.95583 : 0704.0080(1,0) 
2,784 4.26268 : 0704.0080(1,0) 0704.0095(1,0) 
2,785 4.26268 : 0704.0080(1,0) 0704.0106(1,0) 
2,786 3.85721 : 0704.0080(2,0) 0704.0122(1,0) 0704.0126(1,0) 
2,787 4.95583 : 0704.0080(1,0) 
2,788 4.95583 : 0704.0080(1,0) 
2,789 4.26268 : 0704.0080(1,0) 0704.0113(1,0) 
2,790 4.95583 : 0704.0080(2,2) 
2,791 4.95583 : 0704.0080(2,2) 
2,792 4.95583 : 0704.0080(1,2) 
2,793 4.95583 : 0704.0081(3,1) 
2,794 4.95583 : 0704.0081(2,0) 
2,795 3.85721 : 0704.0081(1,0) 0704.0124(1,0) 0704.0132(1,0) 
2,796 4.95583 : 0704.0081(2,0) 
2,797 4.95583 : 0704.0081(1,0) 
2,798 4.26268 : 0704.0081(1,0) 0704.0111(2,1) 
2,799 4.95583 : 0704.0081(1,0) 
2,800 4.95583 : 0704.0081(1,0) 
2,801 4.95583 : 0704.0081(1,2) 
2,802 4.95583 : 0704.0081(2,2) 
2,803 4.26268 : 0704.0082(3,1) 0704.0088(2,0) 
2,804 4.95583 : 0704.0082(1,0) 
2,805 4.95583 : 0704.0082(1,0) 
2,806 3.85721 : 0704.0082(1,0) 0704.0117(1,0) 0704.0126(1,0) 
2,807 4.95583 : 0704.0082(1,0) 
2,808 4.95583 : 0704.0082(1,0) 
2,809 4.95583 : 0704.0082(1,0) 
2,810 4.95583 : 0704.0082(1,0) 
2,811 3.85721 : 0704.0082(1,0) 0704.0099(2,0) 0704.0119(1,0) 
2,812 4.95583 : 0704.0082(1,0) 
2,813 4.95583 : 0704.0082(3,0) 
2,814 4.95583 : 0704.0082(1,0) 
2,815 4.95583 : 0704.0082(1,0) 
2,816 3.85721 : 0704.0082(1,0) 0704.0085(1,0) 0704.0126(1,0) 
2,817 4.26268 : 0704.0082(1,0) 0704.0127(1,0) 
2,818 4.95583 : 0704.0082(3,0) 
2,819 4.26268 : 0704.0082(1,0) 0704.0137(1,0) 
2,820 4.95583 : 0704.0082(1,0) 
2,821 4.95583 : 0704.0082(1,0) 
2,822 4.95583 : 0704.0082(1,0) 
2,823 4.95583 : 0704.0082(1,0) 
2,824 4.95583 : 0704.0082(1,0) 
2,825 4.95583 : 0704.0082(1,0) 
2,826 4.95583 : 0704.0082(2,2) 
2,827 4.95583 : 0704.0082(2,2) 
2,828 4.95583 : 0704.0082(1,2) 
2,829 4.95583 : 0704.0082(1,2) 
2,830 4.95583 : 0704.0083(1,1) 
2,831 4.95583 : 0704.0083(1,1) 
2,832 4.95583 : 0704.0083(1,1) 
2,833 4.95583 : 0704.0083(1,1) 
2,834 4.95583 : 0704.0083(2,0) 
2,835 4.26268 : 0704.0083(1,0) 0704.0122(1,0) 
2,836 4.95583 : 0704.0083(1,0) 
2,837 4.95583 : 0704.0083(2,0) 
2,838 4.95583 : 0704.0083(1,0) 
2,839 4.26268 : 0704.0083(1,0) 0704.0139(1,0) 
2,840 4.95583 : 0704.0083(1,0) 
2,841 4.95583 : 0704.0083(1,0) 
2,842 4.26268 : 0704.0083(1,0) 0704.0107(1,0) 
2,843 4.95583 : 0704.0083(2,0) 
2,844 4.95583 : 0704.0083(1,0) 
2,845 4.95583 : 0704.0083(1,0) 
2,846 4.26268 : 0704.0083(1,0) 0704.0127(1,0) 
2,847 4.95583 : 0704.0083(1,0) 
2,848 4.95583 : 0704.0083(1,0) 
2,849 3.85721 : 0704.0083(1,0) 0704.0086(1,0) 0704.0141(1,0) 
2,850 4.95583 : 0704.0083(1,0) 
2,851 4.95583 : 0704.0083(1,0) 
2,852 4.26268 : 0704.0083(1,0) 0704.0121(1,0) 
2,853 4.26268 : 0704.0083(1,0) 0704.0134(2,0) 
2,854 4.95583 : 0704.0083(2,2) 
2,855 4.26268 : 0704.0084(2,1) 0704.0134(2,1) 
2,856 4.95583 : 0704.0084(2,1) 
2,857 4.26268 : 0704.0084(2,1) 0704.0134(1,0) 
2,858 4.26268 : 0704.0084(2,1) 0704.0106(1,0) 
2,859 4.95583 : 0704.0084(1,1) 
2,860 4.95583 : 0704.0084(2,0) 
2,861 4.95583 : 0704.0084(2,0) 
2,862 4.95583 : 0704.0084(1,0) 
2,863 4.95583 : 0704.0084(1,0) 
2,864 4.95583 : 0704.0084(3,0) 
2,865 4.26268 : 0704.0084(1,0) 0704.0131(1,0) 
2,866 4.26268 : 0704.0084(1,0) 0704.0134(1,0) 
2,867 4.95583 : 0704.0084(1,0) 
2,868 4.95583 : 0704.0084(1,0) 
2,869 4.95583 : 0704.0084(1,0) 
2,870 4.95583 : 0704.0084(1,0) 
2,871 4.95583 : 0704.0084(1,0) 
2,872 4.95583 : 0704.0084(1,0) 
2,873 4.95583 : 0704.0084(1,0) 
2,874 4.95583 : 0704.0084(5,0) 
2,875 4.95583 : 0704.0084(2,0) 
2,876 4.95583 : 0704.0084(1,0) 
2,877 4.26268 : 0704.0084(1,0) 0704.0113(2,0) 
2,878 4.95583 : 0704.0084(1,0) 
2,879 4.26268 : 0704.0084(1,0) 0704.0114(1,0) 
2,880 4.26268 : 0704.0084(1,0) 0704.0114(1,0) 
2,881 4.95583 : 0704.0084(1,0) 
2,882 4.26268 : 0704.0084(1,0) 0704.0103(1,0) 
2,883 4.95583 : 0704.0084(1,0) 
2,884 4.95583 : 0704.0084(1,0) 
2,885 4.95583 : 0704.0084(1,0) 
2,886 4.95583 : 0704.0084(1,0) 
2,887 4.95583 : 0704.0084(1,0) 
2,888 4.95583 : 0704.0084(2,0) 
2,889 4.95583 : 0704.0084(1,0) 
2,890 4.26268 : 0704.0084(1,0) 0704.0103(2,1) 
2,891 4.95583 : 0704.0084(1,0) 
2,892 4.26268 : 0704.0084(1,0) 0704.0123(1,0) 
2,893 4.95583 : 0704.0084(1,0) 
2,894 4.95583 : 0704.0084(1,0) 
2,895 4.26268 : 0704.0084(1,0) 0704.0111(1,0) 
2,896 4.95583 : 0704.0084(2,2) 
2,897 4.95583 : 0704.0084(1,2) 
2,898 4.95583 : 0704.0084(1,2) 
2,899 4.95583 : 0704.0084(1,2) 
2,900 4.95583 : 0704.0084(1,2) 
2,901 4.95583 : 0704.0084(1,2) 
2,902 4.95583 : 0704.0085(9,1) 
2,903 4.95583 : 0704.0085(1,0) 
2,904 4.26268 : 0704.0085(1,0) 0704.0142(1,0) 
2,905 4.95583 : 0704.0085(2,0) 
2,906 4.95583 : 0704.0085(1,0) 
2,907 4.26268 : 0704.0085(2,0) 0704.0141(1,0) 
2,908 4.95583 : 0704.0085(1,0) 
2,909 4.95583 : 0704.0085(1,0) 
2,910 4.95583 : 0704.0085(1,0) 
2,911 4.95583 : 0704.0085(1,0) 
2,912 4.95583 : 0704.0085(2,0) 
2,913 4.95583 : 0704.0085(1,0) 
2,914 4.95583 : 0704.0085(1,0) 
2,915 3.85721 : 0704.0085(1,0) 0704.0097(2,1) 0704.0140(2,0) 
2,916 3.85721 : 0704.0085(1,0) 0704.0095(2,1) 0704.0108(2,0) 
2,917 4.95583 : 0704.0085(3,0) 
2,918 4.95583 : 0704.0085(1,0) 
2,919 4.26268 : 0704.0085(1,0) 0704.0100(1,0) 
2,920 4.95583 : 0704.0085(1,0) 
2,921 4.95583 : 0704.0085(1,0) 
2,922 4.95583 : 0704.0085(1,0) 
2,923 3.85721 : 0704.0085(1,0) 0704.0086(1,0) 0704.0138(1,0) 
2,924 4.95583 : 0704.0085(1,0) 
2,925 4.26268 : 0704.0085(1,0) 0704.0099(1,0) 
2,926 4.95583 : 0704.0085(1,0) 
2,927 4.95583 : 0704.0085(1,0) 
2,928 4.95583 : 0704.0085(1,0) 
2,929 4.95583 : 0704.0085(2,2) 
2,930 4.95583 : 0704.0085(2,2) 
2,931 3.85721 : 0704.0086(1,0) 0704.0127(1,0) 0704.0131(1,0) 
2,932 4.95583 : 0704.0086(1,0) 
2,933 4.95583 : 0704.0086(1,0) 
2,934 4.95583 : 0704.0086(1,0) 
2,935 4.26268 : 0704.0086(1,0) 0704.0094(1,0) 
2,936 4.95583 : 0704.0086(1,0) 
2,937 4.26268 : 0704.0086(1,0) 0704.0094(2,0) 
2,938 4.95583 : 0704.0086(1,0) 
2,939 4.95583 : 0704.0086(1,0) 
2,940 4.95583 : 0704.0086(1,0) 
2,941 4.95583 : 0704.0086(1,0) 
2,942 3.56953 : 0704.0086(1,0) 0704.0094(2,0) 0704.0095(1,0) 0704.0113(1,0) 
2,943 3.85721 : 0704.0086(1,0) 0704.0089(2,1) 0704.0107(1,1) 
2,944 4.26268 : 0704.0086(1,0) 0704.0134(1,0) 
2,945 4.95583 : 0704.0086(1,0) 
2,946 4.95583 : 0704.0086(1,0) 
2,947 4.26268 : 0704.0086(1,0) 0704.0130(1,0) 
2,948 4.95583 : 0704.0086(1,0) 
2,949 4.95583 : 0704.0086(1,0) 
2,950 4.26268 : 0704.0086(1,0) 0704.0114(1,0) 
2,951 4.95583 : 0704.0086(2,2) 
2,952 4.95583 : 0704.0086(2,2) 
2,953 4.95583 : 0704.0087(1,1) 
2,954 4.95583 : 0704.0087(1,0) 
2,955 4.95583 : 0704.0087(2,0) 
2,956 4.95583 : 0704.0087(1,0) 
2,957 4.95583 : 0704.0087(2,2) 
2,958 4.95583 : 0704.0087(2,2) 
2,959 4.95583 : 0704.0087(1,2) 
2,960 4.95583 : 0704.0087(1,2) 
2,961 4.95583 : 0704.0087(1,2) 
2,962 4.95583 : 0704.0087(1,2) 
2,963 4.95583 : 0704.0088(2,1) 
2,964 4.95583 : 0704.0088(2,1) 
2,965 4.95583 : 0704.0088(1,0) 
2,966 4.95583 : 0704.0088(2,0) 
2,967 4.95583 : 0704.0088(4,0) 
2,968 4.95583 : 0704.0088(2,0) 
2,969 4.95583 : 0704.0088(2,0) 
2,970 4.95583 : 0704.0088(3,0) 
2,971 4.95583 : 0704.0088(1,0) 
2,972 4.95583 : 0704.0088(1,0) 
2,973 4.95583 : 0704.0088(1,0) 
2,974 4.95583 : 0704.0088(1,0) 
2,975 4.95583 : 0704.0088(1,0) 
2,976 3.85721 : 0704.0088(1,0) 0704.0123(2,0) 0704.0135(1,0) 
2,977 4.95583 : 0704.0088(4,0) 
2,978 4.95583 : 0704.0088(1,0) 
2,979 4.95583 : 0704.0088(1,0) 
2,980 4.95583 : 0704.0088(1,0) 
2,981 4.95583 : 0704.0088(1,0) 
2,982 4.95583 : 0704.0088(1,0) 
2,983 4.95583 : 0704.0088(1,0) 
2,984 4.95583 : 0704.0088(1,0) 
2,985 4.95583 : 0704.0088(1,0) 
2,986 4.95583 : 0704.0088(1,0) 
2,987 4.95583 : 0704.0088(1,0) 
2,988 4.26268 : 0704.0088(1,0) 0704.0090(2,0) 
2,989 4.95583 : 0704.0088(1,0) 
2,990 4.95583 : 0704.0088(1,0) 
2,991 4.95583 : 0704.0088(3,0) 
2,992 4.26268 : 0704.0088(1,0) 0704.0120(1,0) 
2,993 4.95583 : 0704.0088(1,0) 
2,994 4.95583 : 0704.0088(1,0) 
2,995 4.95583 : 0704.0088(1,0) 
2,996 4.95583 : 0704.0088(1,0) 
2,997 4.95583 : 0704.0088(2,0) 
2,998 4.26268 : 0704.0088(1,0) 0704.0139(2,1) 
2,999 4.95583 : 0704.0088(1,0) 
3,000 4.95583 : 0704.0088(1,0) 
3,001 3.85721 : 0704.0088(1,0) 0704.0094(1,0) 0704.0138(7,1) 
3,002 4.95583 : 0704.0088(1,0) 
3,003 4.95583 : 0704.0088(1,2) 
3,004 4.95583 : 0704.0088(2,2) 
3,005 4.95583 : 0704.0089(3,1) 
3,006 4.26268 : 0704.0089(3,0) 0704.0107(1,0) 
3,007 4.26268 : 0704.0089(3,0) 0704.0107(1,0) 
3,008 4.95583 : 0704.0089(1,0) 
3,009 4.95583 : 0704.0089(1,0) 
3,010 4.95583 : 0704.0089(1,0) 
3,011 4.95583 : 0704.0089(1,0) 
3,012 4.95583 : 0704.0089(1,0) 
3,013 4.26268 : 0704.0089(1,0) 0704.0127(1,0) 
3,014 4.95583 : 0704.0089(1,0) 
3,015 4.95583 : 0704.0089(1,0) 
3,016 4.26268 : 0704.0089(2,0) 0704.0123(1,0) 
3,017 4.95583 : 0704.0089(4,0) 
3,018 4.26268 : 0704.0089(1,0) 0704.0107(2,0) 
3,019 4.26268 : 0704.0089(1,0) 0704.0114(1,0) 
3,020 4.95583 : 0704.0089(1,0) 
3,021 4.95583 : 0704.0089(1,0) 
3,022 4.26268 : 0704.0089(1,0) 0704.0124(1,1) 
3,023 3.85721 : 0704.0089(1,0) 0704.0120(1,0) 0704.0141(1,0) 
3,024 4.95583 : 0704.0090(3,1) 
3,025 4.95583 : 0704.0090(2,1) 
3,026 4.95583 : 0704.0090(3,1) 
3,027 4.95583 : 0704.0090(2,1) 
3,028 4.95583 : 0704.0090(1,0) 
3,029 4.95583 : 0704.0090(1,0) 
3,030 4.26268 : 0704.0090(1,0) 0704.0103(1,0) 
3,031 4.26268 : 0704.0090(1,0) 0704.0113(1,0) 
3,032 4.95583 : 0704.0090(1,0) 
3,033 4.95583 : 0704.0090(1,0) 
3,034 4.95583 : 0704.0090(1,0) 
3,035 4.95583 : 0704.0090(1,0) 
3,036 4.95583 : 0704.0090(2,0) 
3,037 4.95583 : 0704.0090(1,0) 
3,038 4.95583 : 0704.0090(3,0) 
3,039 4.95583 : 0704.0090(1,0) 
3,040 4.26268 : 0704.0090(1,0) 0704.0128(1,0) 
3,041 4.95583 : 0704.0090(1,0) 
3,042 4.95583 : 0704.0090(1,0) 
3,043 4.95583 : 0704.0090(1,0) 
3,044 4.95583 : 0704.0090(2,0) 
3,045 4.95583 : 0704.0090(1,0) 
3,046 4.95583 : 0704.0090(2,2) 
3,047 4.95583 : 0704.0090(2,2) 
3,048 4.95583 : 0704.0091(4,1) 
3,049 4.95583 : 0704.0091(2,1) 
3,050 4.95583 : 0704.0091(2,1) 
3,051 4.95583 : 0704.0091(1,0) 
3,052 4.95583 : 0704.0091(1,0) 
3,053 4.26268 : 0704.0091(1,0) 0704.0116(1,0) 
3,054 4.95583 : 0704.0091(1,0) 
3,055 4.26268 : 0704.0091(1,0) 0704.0125(1,0) 
3,056 3.85721 : 0704.0091(1,0) 0704.0128(1,0) 0704.0129(1,0) 
3,057 4.95583 : 0704.0091(1,0) 
3,058 4.26268 : 0704.0091(1,0) 0704.0135(1,0) 
3,059 4.95583 : 0704.0091(1,0) 
3,060 4.95583 : 0704.0091(1,0) 
3,061 4.95583 : 0704.0091(2,2) 
3,062 4.95583 : 0704.0091(2,2) 
3,063 4.95583 : 0704.0092(3,1) 
3,064 4.95583 : 0704.0092(3,1) 
3,065 4.95583 : 0704.0092(2,0) 
3,066 4.26268 : 0704.0092(1,0) 0704.0139(1,0) 
3,067 4.95583 : 0704.0092(1,0) 
3,068 4.95583 : 0704.0092(2,2) 
3,069 4.95583 : 0704.0092(2,2) 
3,070 4.95583 : 0704.0092(1,2) 
3,071 4.95583 : 0704.0092(1,2) 
3,072 4.95583 : 0704.0093(2,1) 
3,073 4.26268 : 0704.0093(1,1) 0704.0113(1,0) 
3,074 4.95583 : 0704.0093(2,0) 
3,075 4.95583 : 0704.0093(1,0) 
3,076 4.26268 : 0704.0093(1,0) 0704.0123(2,1) 
3,077 4.95583 : 0704.0093(1,0) 
3,078 4.95583 : 0704.0093(1,0) 
3,079 4.95583 : 0704.0093(1,0) 
3,080 4.95583 : 0704.0093(1,0) 
3,081 4.95583 : 0704.0093(1,0) 
3,082 4.95583 : 0704.0093(1,0) 
3,083 4.95583 : 0704.0093(1,0) 
3,084 4.95583 : 0704.0093(1,0) 
3,085 4.95583 : 0704.0093(1,0) 
3,086 4.95583 : 0704.0093(1,0) 
3,087 4.95583 : 0704.0093(1,0) 
3,088 3.85721 : 0704.0093(1,0) 0704.0095(1,0) 0704.0142(2,1) 
3,089 4.95583 : 0704.0093(1,0) 
3,090 4.95583 : 0704.0093(1,0) 
3,091 4.26268 : 0704.0093(1,0) 0704.0120(1,0) 
3,092 4.95583 : 0704.0093(1,0) 
3,093 4.95583 : 0704.0093(1,2) 
3,094 4.95583 : 0704.0093(1,2) 
3,095 4.95583 : 0704.0093(1,2) 
3,096 4.95583 : 0704.0093(1,2) 
3,097 4.95583 : 0704.0094(2,1) 
3,098 4.26268 : 0704.0094(4,1) 0704.0133(1,0) 
3,099 4.95583 : 0704.0094(1,1) 
3,100 4.95583 : 0704.0094(7,1) 
3,101 4.95583 : 0704.0094(2,1) 
3,102 4.95583 : 0704.0094(1,1) 
3,103 4.95583 : 0704.0094(1,0) 
3,104 4.95583 : 0704.0094(2,0) 
3,105 4.95583 : 0704.0094(1,0) 
3,106 4.26268 : 0704.0094(1,0) 0704.0138(14,1) 
3,107 4.95583 : 0704.0094(1,0) 
3,108 4.95583 : 0704.0094(6,0) 
3,109 4.26268 : 0704.0094(1,0) 0704.0138(2,0) 
3,110 4.95583 : 0704.0094(1,0) 
3,111 4.95583 : 0704.0094(1,0) 
3,112 4.95583 : 0704.0094(1,0) 
3,113 4.95583 : 0704.0094(1,0) 
3,114 4.95583 : 0704.0094(2,0) 
3,115 4.95583 : 0704.0094(1,0) 
3,116 4.26268 : 0704.0094(1,0) 0704.0103(1,0) 
3,117 4.26268 : 0704.0094(1,0) 0704.0114(1,0) 
3,118 4.95583 : 0704.0094(1,0) 
3,119 4.95583 : 0704.0094(1,0) 
3,120 4.95583 : 0704.0094(2,0) 
3,121 4.95583 : 0704.0094(1,0) 
3,122 4.95583 : 0704.0094(1,0) 
3,123 4.95583 : 0704.0094(1,0) 
3,124 4.95583 : 0704.0094(1,0) 
3,125 4.95583 : 0704.0094(2,0) 
3,126 4.95583 : 0704.0094(1,0) 
3,127 4.95583 : 0704.0094(1,0) 
3,128 4.95583 : 0704.0094(1,0) 
3,129 4.95583 : 0704.0094(2,2) 
3,130 4.95583 : 0704.0094(2,2) 
3,131 4.26268 : 0704.0095(1,0) 0704.0105(1,0) 
3,132 4.95583 : 0704.0095(1,0) 
3,133 4.95583 : 0704.0095(1,0) 
3,134 4.95583 : 0704.0095(1,0) 
3,135 4.95583 : 0704.0095(1,0) 
3,136 4.95583 : 0704.0095(1,0) 
3,137 4.95583 : 0704.0095(1,0) 
3,138 4.95583 : 0704.0095(1,0) 
3,139 4.95583 : 0704.0095(1,0) 
3,140 4.95583 : 0704.0095(1,0) 
3,141 4.95583 : 0704.0095(1,0) 
3,142 4.26268 : 0704.0095(1,0) 0704.0110(1,0) 
3,143 4.95583 : 0704.0095(1,0) 
3,144 4.26268 : 0704.0095(1,0) 0704.0103(2,0) 
3,145 4.95583 : 0704.0095(1,0) 
3,146 4.95583 : 0704.0095(1,0) 
3,147 4.95583 : 0704.0095(2,2) 
3,148 4.95583 : 0704.0095(2,2) 
3,149 4.95583 : 0704.0096(1,1) 
3,150 4.95583 : 0704.0096(1,0) 
3,151 4.95583 : 0704.0096(3,0) 
3,152 4.95583 : 0704.0096(1,0) 
3,153 4.26268 : 0704.0096(3,0) 0704.0110(1,0) 
3,154 4.95583 : 0704.0096(2,0) 
3,155 4.95583 : 0704.0096(1,0) 
3,156 4.95583 : 0704.0096(1,0) 
3,157 4.95583 : 0704.0096(1,0) 
3,158 4.95583 : 0704.0096(1,0) 
3,159 4.95583 : 0704.0096(2,2) 
3,160 4.95583 : 0704.0096(1,2) 
3,161 4.95583 : 0704.0097(1,0) 
3,162 4.95583 : 0704.0097(1,0) 
3,163 3.85721 : 0704.0097(1,0) 0704.0105(1,0) 0704.0123(1,0) 
3,164 4.95583 : 0704.0097(1,0) 
3,165 4.95583 : 0704.0097(2,2) 
3,166 4.95583 : 0704.0097(2,2) 
3,167 4.95583 : 0704.0098(1,1) 
3,168 4.95583 : 0704.0098(1,1) 
3,169 4.95583 : 0704.0098(3,1) 
3,170 4.95583 : 0704.0098(2,0) 
3,171 4.95583 : 0704.0098(4,0) 
3,172 4.26268 : 0704.0098(1,0) 0704.0128(1,0) 
3,173 4.95583 : 0704.0098(1,0) 
3,174 4.95583 : 0704.0098(1,0) 
3,175 4.95583 : 0704.0098(1,0) 
3,176 4.26268 : 0704.0098(1,0) 0704.0123(1,0) 
3,177 4.95583 : 0704.0098(1,0) 
3,178 4.95583 : 0704.0098(1,0) 
3,179 4.95583 : 0704.0098(1,0) 
3,180 4.26268 : 0704.0098(1,0) 0704.0113(1,0) 
3,181 4.95583 : 0704.0098(2,2) 
3,182 4.95583 : 0704.0098(2,2) 
3,183 4.95583 : 0704.0098(1,2) 
3,184 4.26268 : 0704.0099(3,1) 0704.0115(2,2) 
3,185 4.95583 : 0704.0099(3,1) 
3,186 4.95583 : 0704.0099(3,1) 
3,187 4.95583 : 0704.0099(1,0) 
3,188 4.95583 : 0704.0099(1,0) 
3,189 4.26268 : 0704.0099(2,0) 0704.0105(1,0) 
3,190 4.95583 : 0704.0099(2,0) 
3,191 4.95583 : 0704.0099(2,0) 
3,192 4.95583 : 0704.0099(2,0) 
3,193 4.95583 : 0704.0099(1,0) 
3,194 4.95583 : 0704.0099(1,0) 
3,195 4.95583 : 0704.0099(1,0) 
3,196 4.95583 : 0704.0099(1,0) 
3,197 3.85721 : 0704.0099(1,0) 0704.0106(1,0) 0704.0122(1,0) 
3,198 4.95583 : 0704.0099(1,0) 
3,199 4.95583 : 0704.0099(1,0) 
3,200 4.95583 : 0704.0099(2,0) 
