1,601 4.95583 : 0704.0037(1,0) 
1,602 3.85721 : 0704.0037(1,0) 0704.0080(1,0) 0704.0106(1,0) 
1,603 4.95583 : 0704.0037(1,0) 
1,604 4.95583 : 0704.0037(1,0) 
1,605 4.95583 : 0704.0037(1,0) 
1,606 4.95583 : 0704.0037(1,0) 
1,607 4.95583 : 0704.0037(1,0) 
1,608 2.55793 : 0704.0037(1,0) 0704.0038(1,0) 0704.0044(1,0) 0704.0060(1,0) 0704.0063(1,0) 0704.0076(1,0) 0704.0081(1,0) 0704.0085(1,0) 0704.0103(1,0) 0704.0122(1,0) 0704.0141(1,0) 
1,609 4.95583 : 0704.0038(1,1) 
1,610 3.34639 : 0704.0038(2,0) 0704.0061(1,0) 0704.0063(1,0) 0704.0078(1,0) 0704.0097(1,0) 
1,611 4.95583 : 0704.0038(1,0) 
1,612 4.95583 : 0704.0038(1,0) 
1,613 4.95583 : 0704.0038(1,0) 
1,614 4.26268 : 0704.0038(1,0) 0704.0042(1,0) 
1,615 4.26268 : 0704.0038(1,0) 0704.0073(1,0) 
1,616 3.85721 : 0704.0038(1,0) 0704.0119(2,1) 0704.0132(1,0) 
1,617 4.95583 : 0704.0038(1,0) 
1,618 4.95583 : 0704.0038(1,0) 
1,619 4.95583 : 0704.0039(4,1) 
1,620 4.95583 : 0704.0039(1,1) 
1,621 4.95583 : 0704.0039(4,0) 
1,622 4.95583 : 0704.0039(4,0) 
1,623 4.95583 : 0704.0039(1,0) 
1,624 4.95583 : 0704.0039(1,0) 
1,625 4.95583 : 0704.0039(1,0) 
1,626 4.95583 : 0704.0039(2,0) 
1,627 4.95583 : 0704.0039(2,0) 
1,628 4.95583 : 0704.0039(2,0) 
1,629 4.95583 : 0704.0039(2,0) 
1,630 4.95583 : 0704.0039(1,0) 
1,631 4.95583 : 0704.0039(1,0) 
1,632 4.26268 : 0704.0039(1,0) 0704.0123(1,0) 
1,633 4.95583 : 0704.0039(1,0) 
1,634 4.26268 : 0704.0039(3,0) 0704.0059(9,0) 
1,635 4.95583 : 0704.0039(3,0) 
1,636 3.56953 : 0704.0039(1,0) 0704.0072(1,0) 0704.0084(1,0) 0704.0122(1,0) 
1,637 4.95583 : 0704.0039(1,0) 
1,638 4.95583 : 0704.0039(1,0) 
1,639 4.95583 : 0704.0039(1,0) 
1,640 4.95583 : 0704.0039(1,0) 
1,641 2.47092 : 0704.0039(1,0) 0704.0045(1,0) 0704.0069(4,0) 0704.0082(2,0) 0704.0086(1,0) 0704.0111(1,0) 0704.0117(3,0) 0704.0118(1,0) 0704.0122(1,0) 0704.0134(1,0) 0704.0138(1,0) 0704.0142(1,0) 
1,642 4.95583 : 0704.0039(1,0) 
1,643 3.85721 : 0704.0039(1,0) 0704.0066(1,0) 0704.0127(1,0) 
1,644 4.26268 : 0704.0039(1,0) 0704.0049(1,0) 
1,645 4.95583 : 0704.0039(2,0) 
1,646 4.95583 : 0704.0039(1,0) 
1,647 4.26268 : 0704.0039(1,0) 0704.0055(1,0) 
1,648 3.85721 : 0704.0039(1,0) 0704.0131(1,0) 0704.0141(1,0) 
1,649 2.65324 : 0704.0039(1,0) 0704.0063(2,1) 0704.0075(1,0) 0704.0088(1,1) 0704.0089(4,0) 0704.0093(1,0) 0704.0107(2,1) 0704.0117(1,0) 0704.0131(1,0) 0704.0135(2,0) 
1,650 3.85721 : 0704.0039(1,0) 0704.0093(1,0) 0704.0101(1,0) 
1,651 4.95583 : 0704.0039(1,0) 
1,652 4.26268 : 0704.0039(1,0) 0704.0111(1,0) 
1,653 3.85721 : 0704.0039(1,0) 0704.0086(1,0) 0704.0095(1,0) 
1,654 4.95583 : 0704.0039(1,0) 
1,655 4.95583 : 0704.0039(1,2) 
1,656 4.95583 : 0704.0039(2,2) 
1,657 4.95583 : 0704.0039(1,2) 
1,658 4.95583 : 0704.0039(1,2) 
1,659 4.95583 : 0704.0040(2,1) 
1,660 4.95583 : 0704.0040(2,1) 
1,661 4.95583 : 0704.0040(1,1) 
1,662 4.95583 : 0704.0040(2,0) 
1,663 4.95583 : 0704.0040(1,0) 
1,664 4.95583 : 0704.0040(1,0) 
1,665 3.85721 : 0704.0040(1,0) 0704.0041(2,0) 0704.0099(1,0) 
1,666 4.26268 : 0704.0040(2,0) 0704.0089(1,0) 
1,667 4.95583 : 0704.0040(1,0) 
1,668 4.95583 : 0704.0040(1,0) 
1,669 4.95583 : 0704.0040(1,0) 
1,670 4.26268 : 0704.0040(1,0) 0704.0093(1,0) 
1,671 4.26268 : 0704.0040(1,0) 0704.0067(1,0) 
1,672 4.95583 : 0704.0040(1,0) 
1,673 4.26268 : 0704.0040(1,0) 0704.0122(1,0) 
1,674 3.56953 : 0704.0040(1,0) 0704.0080(1,0) 0704.0113(1,0) 0704.0139(1,0) 
1,675 4.26268 : 0704.0040(1,0) 0704.0043(1,0) 
1,676 3.56953 : 0704.0040(1,0) 0704.0043(1,0) 0704.0065(1,0) 0704.0069(1,0) 
1,677 4.95583 : 0704.0040(2,2) 
1,678 4.95583 : 0704.0040(2,2) 
1,679 4.95583 : 0704.0041(4,1) 
1,680 2.87639 : 0704.0041(2,1) 0704.0043(1,0) 0704.0046(1,0) 0704.0062(2,0) 0704.0081(1,0) 0704.0091(1,0) 0704.0094(1,0) 0704.0122(2,1) 
1,681 4.95583 : 0704.0041(6,1) 
1,682 3.56953 : 0704.0041(1,1) 0704.0083(1,0) 0704.0095(2,1) 0704.0103(1,0) 
1,683 4.95583 : 0704.0041(1,0) 
1,684 3.56953 : 0704.0041(1,0) 0704.0046(1,0) 0704.0082(1,0) 0704.0095(1,0) 
1,685 4.26268 : 0704.0041(2,0) 0704.0052(1,0) 
1,686 3.34639 : 0704.0041(3,0) 0704.0069(1,0) 0704.0073(1,0) 0704.0095(3,1) 0704.0110(1,0) 
1,687 4.26268 : 0704.0041(1,0) 0704.0121(1,0) 
1,688 3.85721 : 0704.0041(2,0) 0704.0104(2,0) 0704.0111(1,0) 
1,689 4.95583 : 0704.0041(1,0) 
1,690 4.95583 : 0704.0041(1,0) 
1,691 3.56953 : 0704.0041(1,0) 0704.0063(1,0) 0704.0085(1,0) 0704.0124(1,0) 
1,692 4.95583 : 0704.0041(2,0) 
1,693 4.26268 : 0704.0041(4,0) 0704.0052(2,0) 
1,694 4.95583 : 0704.0041(3,0) 
1,695 3.16407 : 0704.0041(2,0) 0704.0052(1,0) 0704.0069(1,0) 0704.0091(4,1) 0704.0095(2,1) 0704.0121(1,1) 
1,696 4.26268 : 0704.0041(1,0) 0704.0054(1,0) 
1,697 4.95583 : 0704.0041(1,0) 
1,698 4.95583 : 0704.0041(1,0) 
1,699 4.95583 : 0704.0041(1,0) 
1,700 4.95583 : 0704.0041(1,0) 
1,701 3.85721 : 0704.0041(1,0) 0704.0044(1,0) 0704.0080(1,0) 
1,702 4.26268 : 0704.0041(1,0) 0704.0138(1,0) 
1,703 4.95583 : 0704.0041(1,0) 
1,704 4.26268 : 0704.0041(1,0) 0704.0043(1,0) 
1,705 3.56953 : 0704.0041(1,0) 0704.0059(2,0) 0704.0062(3,1) 0704.0086(1,0) 
1,706 4.95583 : 0704.0041(1,0) 
1,707 4.95583 : 0704.0041(1,0) 
1,708 4.26268 : 0704.0041(1,0) 0704.0111(1,0) 
1,709 3.56953 : 0704.0041(1,0) 0704.0065(1,0) 0704.0110(2,1) 0704.0111(1,0) 
1,710 3.34639 : 0704.0041(1,0) 0704.0044(1,0) 0704.0066(1,0) 0704.0084(1,0) 0704.0138(1,0) 
1,711 3.85721 : 0704.0041(1,0) 0704.0052(3,0) 0704.0079(3,1) 
1,712 3.16407 : 0704.0041(1,0) 0704.0067(1,0) 0704.0072(1,0) 0704.0081(1,0) 0704.0082(1,0) 0704.0104(1,0) 
1,713 4.95583 : 0704.0041(1,0) 
1,714 4.26268 : 0704.0041(2,0) 0704.0105(1,0) 
1,715 4.26268 : 0704.0041(1,0) 0704.0111(2,0) 
1,716 4.95583 : 0704.0041(1,0) 
1,717 3.85721 : 0704.0041(2,2) 0704.0110(2,2) 0704.0111(2,2) 
1,718 3.85721 : 0704.0041(2,2) 0704.0110(2,2) 0704.0111(2,2) 
1,719 4.95583 : 0704.0042(2,1) 
1,720 4.95583 : 0704.0042(2,1) 
1,721 4.95583 : 0704.0042(1,0) 
1,722 4.95583 : 0704.0042(1,0) 
1,723 3.56953 : 0704.0042(1,0) 0704.0044(1,0) 0704.0072(1,0) 0704.0095(1,0) 
1,724 4.26268 : 0704.0042(1,0) 0704.0137(1,0) 
1,725 4.26268 : 0704.0042(1,0) 0704.0128(1,0) 
1,726 4.95583 : 0704.0042(2,0) 
1,727 4.26268 : 0704.0042(1,0) 0704.0055(1,0) 
1,728 4.95583 : 0704.0042(1,0) 
1,729 4.26268 : 0704.0042(1,0) 0704.0062(1,1) 
1,730 4.95583 : 0704.0042(1,0) 
1,731 4.95583 : 0704.0042(1,0) 
1,732 4.26268 : 0704.0042(1,0) 0704.0115(1,0) 
1,733 4.95583 : 0704.0042(1,0) 
1,734 4.95583 : 0704.0042(1,0) 
1,735 3.85721 : 0704.0042(1,0) 0704.0068(1,0) 0704.0113(1,0) 
1,736 4.95583 : 0704.0042(1,0) 
1,737 4.26268 : 0704.0042(1,0) 0704.0114(1,0) 
1,738 4.95583 : 0704.0042(1,0) 
1,739 4.95583 : 0704.0042(1,0) 
1,740 4.95583 : 0704.0042(2,2) 
1,741 4.95583 : 0704.0042(2,2) 
1,742 4.95583 : 0704.0043(6,1) 
1,743 3.34639 : 0704.0043(9,1) 0704.0044(1,0) 0704.0046(3,1) 0704.0107(1,0) 0704.0140(6,1) 
1,744 4.95583 : 0704.0043(6,1) 
1,745 4.95583 : 0704.0043(2,1) 
1,746 4.95583 : 0704.0043(4,0) 
1,747 4.95583 : 0704.0043(1,0) 
1,748 4.95583 : 0704.0043(1,0) 
1,749 4.95583 : 0704.0043(1,0) 
1,750 4.95583 : 0704.0043(1,0) 
1,751 4.95583 : 0704.0043(1,0) 
1,752 3.85721 : 0704.0043(1,0) 0704.0085(1,0) 0704.0119(1,0) 
1,753 3.85721 : 0704.0043(1,0) 0704.0069(1,0) 0704.0127(1,0) 
1,754 4.95583 : 0704.0043(1,0) 
1,755 2.39088 : 0704.0043(1,0) 0704.0045(1,0) 0704.0058(1,0) 0704.0073(1,0) 0704.0080(2,0) 0704.0083(1,0) 0704.0084(1,0) 0704.0109(2,0) 0704.0127(1,0) 0704.0128(1,0) 0704.0131(2,0) 0704.0132(1,0) 0704.0135(1,0) 
1,756 4.26268 : 0704.0043(1,0) 0704.0077(1,0) 
1,757 4.95583 : 0704.0043(1,0) 
1,758 4.26268 : 0704.0043(1,0) 0704.0104(1,0) 
1,759 4.95583 : 0704.0043(2,0) 
1,760 3.85721 : 0704.0043(1,0) 0704.0066(1,0) 0704.0117(1,0) 
1,761 4.95583 : 0704.0043(1,0) 
1,762 4.95583 : 0704.0043(2,0) 
1,763 4.95583 : 0704.0043(1,0) 
1,764 4.95583 : 0704.0043(1,0) 
1,765 4.26268 : 0704.0043(1,0) 0704.0120(1,0) 
1,766 3.00992 : 0704.0043(1,0) 0704.0053(1,0) 0704.0077(1,0) 0704.0078(1,0) 0704.0103(1,0) 0704.0114(1,0) 0704.0131(1,0) 
1,767 4.26268 : 0704.0043(1,0) 0704.0088(2,0) 
1,768 3.85721 : 0704.0043(1,0) 0704.0044(1,0) 0704.0126(1,0) 
1,769 4.26268 : 0704.0043(1,0) 0704.0047(2,0) 
1,770 4.95583 : 0704.0043(1,0) 
1,771 4.95583 : 0704.0043(1,0) 
1,772 2.18324 : 0704.0043(1,0) 0704.0046(1,0) 0704.0055(3,1) 0704.0080(2,0) 0704.0083(1,0) 0704.0084(7,1) 0704.0085(1,0) 0704.0089(1,0) 0704.0092(3,1) 0704.0106(1,0) 0704.0107(1,0) 0704.0113(1,0) 0704.0114(2,0) 0704.0122(2,0) 0704.0123(1,0) 0704.0134(2,0) 
1,773 3.85721 : 0704.0043(1,0) 0704.0106(1,0) 0704.0133(1,0) 
1,774 4.95583 : 0704.0043(1,0) 
1,775 4.95583 : 0704.0043(1,0) 
1,776 4.95583 : 0704.0043(1,0) 
1,777 4.26268 : 0704.0043(1,0) 0704.0077(1,0) 
1,778 4.95583 : 0704.0043(1,0) 
1,779 4.95583 : 0704.0043(1,0) 
1,780 4.95583 : 0704.0043(2,0) 
1,781 4.95583 : 0704.0043(1,0) 
1,782 4.95583 : 0704.0043(2,2) 
1,783 4.95583 : 0704.0043(1,2) 
1,784 4.95583 : 0704.0043(1,2) 
1,785 4.95583 : 0704.0044(3,1) 
1,786 4.95583 : 0704.0044(1,1) 
1,787 4.95583 : 0704.0044(6,1) 
1,788 4.95583 : 0704.0044(1,1) 
1,789 4.95583 : 0704.0044(4,1) 
1,790 4.95583 : 0704.0044(2,1) 
1,791 4.95583 : 0704.0044(2,0) 
1,792 4.95583 : 0704.0044(2,0) 
1,793 4.95583 : 0704.0044(1,0) 
1,794 4.95583 : 0704.0044(1,0) 
1,795 4.26268 : 0704.0044(1,0) 0704.0106(4,0) 
1,796 4.26268 : 0704.0044(1,0) 0704.0094(1,0) 
1,797 3.16407 : 0704.0044(1,0) 0704.0080(2,0) 0704.0084(1,0) 0704.0086(1,0) 0704.0094(1,1) 0704.0139(2,0) 
1,798 4.26268 : 0704.0044(1,0) 0704.0064(1,0) 
1,799 3.56953 : 0704.0044(1,0) 0704.0119(2,0) 0704.0122(1,0) 0704.0125(2,1) 
1,800 3.56953 : 0704.0044(6,0) 0704.0106(1,0) 0704.0117(4,1) 0704.0135(4,1) 
1,801 4.95583 : 0704.0044(1,0) 
1,802 4.95583 : 0704.0044(1,0) 
1,803 4.95583 : 0704.0044(2,0) 
1,804 3.85721 : 0704.0044(2,0) 0704.0084(1,0) 0704.0119(2,0) 
1,805 4.95583 : 0704.0044(1,0) 
1,806 3.34639 : 0704.0044(1,0) 0704.0045(1,0) 0704.0093(1,0) 0704.0105(1,0) 0704.0114(1,0) 
1,807 3.00992 : 0704.0044(1,0) 0704.0060(1,0) 0704.0082(1,0) 0704.0084(1,0) 0704.0106(1,0) 0704.0123(1,0) 0704.0139(1,0) 
1,808 4.95583 : 0704.0044(7,0) 
1,809 4.26268 : 0704.0044(1,0) 0704.0084(1,0) 
1,810 4.95583 : 0704.0044(2,0) 
1,811 3.16407 : 0704.0044(1,0) 0704.0047(1,0) 0704.0080(1,0) 0704.0084(2,0) 0704.0094(1,0) 0704.0134(1,0) 
1,812 3.85721 : 0704.0044(5,0) 0704.0067(1,0) 0704.0114(1,0) 
1,813 3.16407 : 0704.0044(1,0) 0704.0072(1,0) 0704.0086(1,0) 0704.0087(1,0) 0704.0096(2,0) 0704.0131(2,0) 
1,814 4.26268 : 0704.0044(1,0) 0704.0080(1,0) 
1,815 4.95583 : 0704.0044(1,0) 
1,816 4.26268 : 0704.0044(1,0) 0704.0106(1,0) 
1,817 3.56953 : 0704.0044(1,0) 0704.0066(1,0) 0704.0072(1,0) 0704.0088(1,0) 
1,818 4.95583 : 0704.0044(1,0) 
1,819 4.95583 : 0704.0044(2,0) 
1,820 4.95583 : 0704.0044(3,0) 
1,821 4.95583 : 0704.0044(1,0) 
1,822 4.95583 : 0704.0044(2,0) 
1,823 4.95583 : 0704.0044(2,0) 
1,824 4.95583 : 0704.0044(2,0) 
1,825 4.95583 : 0704.0044(2,0) 
1,826 4.95583 : 0704.0044(1,0) 
1,827 4.95583 : 0704.0044(1,0) 
1,828 2.87639 : 0704.0044(1,0) 0704.0045(1,0) 0704.0077(1,0) 0704.0082(1,0) 0704.0096(1,0) 0704.0116(2,0) 0704.0122(1,0) 0704.0142(3,0) 
1,829 4.95583 : 0704.0044(1,0) 
1,830 4.95583 : 0704.0044(1,0) 
1,831 4.26268 : 0704.0044(1,0) 0704.0139(1,0) 
1,832 4.95583 : 0704.0044(1,0) 
1,833 4.95583 : 0704.0044(2,0) 
1,834 4.95583 : 0704.0044(2,0) 
1,835 4.95583 : 0704.0044(1,0) 
1,836 4.95583 : 0704.0044(1,0) 
1,837 4.95583 : 0704.0044(1,0) 
1,838 4.95583 : 0704.0044(1,0) 
1,839 4.26268 : 0704.0044(1,0) 0704.0126(2,0) 
1,840 4.95583 : 0704.0044(1,0) 
1,841 4.95583 : 0704.0044(2,2) 
1,842 4.95583 : 0704.0044(1,2) 
1,843 4.95583 : 0704.0044(1,2) 
1,844 4.95583 : 0704.0044(1,2) 
1,845 4.95583 : 0704.0044(1,2) 
1,846 4.95583 : 0704.0044(1,2) 
1,847 4.95583 : 0704.0044(1,2) 
1,848 4.95583 : 0704.0045(7,1) 
1,849 4.95583 : 0704.0045(4,1) 
1,850 4.95583 : 0704.0045(2,1) 
1,851 4.95583 : 0704.0045(2,1) 
1,852 4.26268 : 0704.0045(1,1) 0704.0132(1,0) 
1,853 4.95583 : 0704.0045(2,1) 
1,854 4.95583 : 0704.0045(2,1) 
1,855 4.95583 : 0704.0045(4,1) 
1,856 4.95583 : 0704.0045(1,0) 
1,857 4.26268 : 0704.0045(2,0) 0704.0123(1,0) 
1,858 3.56953 : 0704.0045(3,0) 0704.0072(1,0) 0704.0107(1,0) 0704.0128(1,0) 
1,859 4.95583 : 0704.0045(1,0) 
1,860 4.95583 : 0704.0045(1,0) 
1,861 4.95583 : 0704.0045(1,0) 
1,862 4.95583 : 0704.0045(1,0) 
1,863 4.26268 : 0704.0045(1,0) 0704.0067(1,0) 
1,864 4.26268 : 0704.0045(1,0) 0704.0082(1,0) 
1,865 4.26268 : 0704.0045(1,0) 0704.0117(1,0) 
1,866 3.34639 : 0704.0045(1,0) 0704.0063(1,0) 0704.0069(2,0) 0704.0077(3,0) 0704.0117(1,0) 
1,867 2.31677 : 0704.0045(1,0) 0704.0066(1,0) 0704.0074(1,0) 0704.0084(1,0) 0704.0085(1,0) 0704.0091(1,0) 0704.0094(1,0) 0704.0098(1,0) 0704.0100(1,0) 0704.0106(1,0) 0704.0109(1,0) 0704.0127(2,0) 0704.0138(1,0) 0704.0142(1,0) 
1,868 4.95583 : 0704.0045(2,0) 
1,869 4.26268 : 0704.0045(2,0) 0704.0132(2,1) 
1,870 4.95583 : 0704.0045(1,0) 
1,871 4.95583 : 0704.0045(2,0) 
1,872 4.95583 : 0704.0045(1,0) 
1,873 4.95583 : 0704.0045(1,0) 
1,874 4.95583 : 0704.0045(1,0) 
1,875 3.85721 : 0704.0045(1,0) 0704.0070(1,0) 0704.0086(1,0) 
1,876 4.95583 : 0704.0045(1,0) 
1,877 4.26268 : 0704.0045(1,0) 0704.0069(1,0) 
1,878 4.95583 : 0704.0045(1,0) 
1,879 3.85721 : 0704.0045(1,0) 0704.0053(5,1) 0704.0124(1,0) 
1,880 4.26268 : 0704.0045(1,0) 0704.0061(1,0) 
1,881 4.95583 : 0704.0045(2,0) 
1,882 4.95583 : 0704.0045(1,0) 
1,883 2.87639 : 0704.0045(1,0) 0704.0053(4,0) 0704.0069(2,0) 0704.0074(1,0) 0704.0084(1,0) 0704.0094(1,0) 0704.0102(1,0) 0704.0133(1,0) 
1,884 3.85721 : 0704.0045(1,0) 0704.0046(1,0) 0704.0106(1,0) 
1,885 3.34639 : 0704.0045(1,0) 0704.0069(2,0) 0704.0095(3,1) 0704.0118(3,0) 0704.0123(1,0) 
1,886 4.95583 : 0704.0045(1,0) 
1,887 4.26268 : 0704.0045(1,0) 0704.0055(2,0) 
1,888 3.85721 : 0704.0045(1,0) 0704.0134(1,0) 0704.0138(1,0) 
1,889 4.95583 : 0704.0045(1,0) 
1,890 4.95583 : 0704.0045(2,2) 
1,891 4.95583 : 0704.0045(1,2) 
1,892 4.95583 : 0704.0045(1,2) 
1,893 4.95583 : 0704.0046(2,1) 
1,894 4.26268 : 0704.0046(2,1) 0704.0055(2,2) 
1,895 3.85721 : 0704.0046(2,1) 0704.0048(2,0) 0704.0061(1,0) 
1,896 3.85721 : 0704.0046(2,1) 0704.0089(2,0) 0704.0107(1,0) 
1,897 4.26268 : 0704.0046(1,0) 0704.0058(1,0) 
1,898 4.95583 : 0704.0046(1,0) 
1,899 4.95583 : 0704.0046(1,0) 
1,900 4.95583 : 0704.0046(1,0) 
1,901 4.95583 : 0704.0046(1,0) 
1,902 4.95583 : 0704.0046(1,0) 
1,903 4.95583 : 0704.0046(1,0) 
1,904 4.26268 : 0704.0046(1,0) 0704.0114(1,0) 
1,905 4.26268 : 0704.0046(1,0) 0704.0082(1,0) 
1,906 4.95583 : 0704.0046(1,0) 
1,907 4.95583 : 0704.0046(1,0) 
1,908 4.95583 : 0704.0046(1,2) 
1,909 4.95583 : 0704.0046(2,2) 
1,910 4.95583 : 0704.0046(1,2) 
1,911 4.95583 : 0704.0046(1,2) 
1,912 3.85721 : 0704.0047(6,1) 0704.0050(2,1) 0704.0058(6,1) 
1,913 3.85721 : 0704.0047(6,1) 0704.0050(3,1) 0704.0057(1,0) 
1,914 3.56953 : 0704.0047(2,1) 0704.0050(2,1) 0704.0083(1,0) 0704.0134(1,0) 
1,915 4.26268 : 0704.0047(2,1) 0704.0050(2,1) 
1,916 3.85721 : 0704.0047(6,1) 0704.0050(6,1) 0704.0123(1,0) 
1,917 4.26268 : 0704.0047(6,0) 0704.0050(1,0) 
1,918 4.26268 : 0704.0047(1,0) 0704.0050(1,0) 
1,919 4.26268 : 0704.0047(1,0) 0704.0050(2,0) 
1,920 3.85721 : 0704.0047(1,0) 0704.0050(1,0) 0704.0088(1,0) 
1,921 3.85721 : 0704.0047(1,0) 0704.0050(1,0) 0704.0107(1,0) 
1,922 3.34639 : 0704.0047(1,0) 0704.0050(1,0) 0704.0062(1,0) 0704.0084(1,0) 0704.0087(1,0) 
1,923 4.95583 : 0704.0047(1,0) 
1,924 4.26268 : 0704.0047(2,0) 0704.0050(1,0) 
1,925 3.85721 : 0704.0047(2,0) 0704.0050(1,0) 0704.0133(1,0) 
1,926 4.26268 : 0704.0047(1,0) 0704.0050(1,0) 
1,927 4.26268 : 0704.0047(2,0) 0704.0050(1,0) 
1,928 4.26268 : 0704.0047(2,0) 0704.0050(1,0) 
1,929 4.26268 : 0704.0047(1,0) 0704.0050(1,0) 
1,930 4.95583 : 0704.0047(1,0) 
1,931 4.95583 : 0704.0047(1,0) 
1,932 4.95583 : 0704.0047(1,0) 
1,933 4.26268 : 0704.0047(1,0) 0704.0089(3,1) 
1,934 4.95583 : 0704.0047(1,0) 
1,935 4.95583 : 0704.0047(1,0) 
1,936 4.95583 : 0704.0047(1,0) 
1,937 4.95583 : 0704.0047(1,0) 
1,938 4.95583 : 0704.0047(1,0) 
1,939 4.95583 : 0704.0047(1,0) 
1,940 4.26268 : 0704.0047(1,0) 0704.0050(1,0) 
1,941 4.95583 : 0704.0047(1,0) 
1,942 4.95583 : 0704.0047(1,0) 
1,943 4.26268 : 0704.0047(1,0) 0704.0127(1,0) 
1,944 4.95583 : 0704.0047(1,0) 
1,945 4.95583 : 0704.0047(1,0) 
1,946 4.95583 : 0704.0047(1,0) 
1,947 4.95583 : 0704.0047(1,0) 
1,948 4.26268 : 0704.0047(1,0) 0704.0050(1,0) 
1,949 3.34639 : 0704.0047(1,2) 0704.0050(1,2) 0704.0089(1,2) 0704.0107(1,2) 0704.0127(1,2) 
1,950 3.56953 : 0704.0047(2,2) 0704.0050(2,2) 0704.0089(2,2) 0704.0107(2,2) 
1,951 4.26268 : 0704.0047(1,2) 0704.0050(1,2) 
1,952 4.95583 : 0704.0048(1,1) 
1,953 3.85721 : 0704.0048(1,1) 0704.0059(3,1) 0704.0098(1,0) 
1,954 4.95583 : 0704.0048(2,1) 
1,955 4.95583 : 0704.0048(2,1) 
1,956 4.26268 : 0704.0048(2,1) 0704.0138(1,0) 
1,957 4.95583 : 0704.0048(2,1) 
1,958 3.85721 : 0704.0048(1,0) 0704.0118(1,0) 0704.0133(1,0) 
1,959 4.95583 : 0704.0048(1,0) 
1,960 4.95583 : 0704.0048(1,0) 
1,961 3.85721 : 0704.0048(1,0) 0704.0059(1,0) 0704.0139(1,0) 
1,962 4.26268 : 0704.0048(1,0) 0704.0072(1,0) 
1,963 3.16407 : 0704.0048(2,0) 0704.0058(2,0) 0704.0059(1,0) 0704.0074(1,0) 0704.0080(1,0) 0704.0094(1,0) 
1,964 4.95583 : 0704.0048(1,0) 
1,965 4.26268 : 0704.0048(1,0) 0704.0131(1,0) 
1,966 4.95583 : 0704.0048(1,0) 
1,967 3.85721 : 0704.0048(2,0) 0704.0051(1,0) 0704.0117(1,0) 
1,968 3.85721 : 0704.0048(1,0) 0704.0072(1,0) 0704.0128(1,0) 
1,969 4.26268 : 0704.0048(3,0) 0704.0062(1,0) 
1,970 4.95583 : 0704.0048(3,0) 
1,971 4.26268 : 0704.0048(1,0) 0704.0138(1,0) 
1,972 4.95583 : 0704.0048(1,0) 
1,973 4.95583 : 0704.0048(1,0) 
1,974 4.95583 : 0704.0048(1,0) 
1,975 3.34639 : 0704.0048(1,0) 0704.0051(1,0) 0704.0080(1,0) 0704.0107(2,0) 0704.0117(1,0) 
1,976 4.95583 : 0704.0048(1,0) 
1,977 4.95583 : 0704.0048(1,0) 
1,978 4.26268 : 0704.0048(1,0) 0704.0057(1,0) 
1,979 4.26268 : 0704.0048(1,0) 0704.0056(1,0) 
1,980 4.95583 : 0704.0048(1,0) 
1,981 4.95583 : 0704.0048(1,0) 
1,982 4.95583 : 0704.0048(2,2) 
1,983 4.26268 : 0704.0048(1,2) 0704.0069(2,2) 
1,984 4.95583 : 0704.0048(1,2) 
1,985 4.95583 : 0704.0048(1,2) 
1,986 4.95583 : 0704.0048(1,2) 
1,987 4.95583 : 0704.0048(1,2) 
1,988 4.26268 : 0704.0048(1,2) 0704.0118(1,2) 
1,989 4.95583 : 0704.0048(1,2) 
1,990 4.95583 : 0704.0048(1,2) 
1,991 4.95583 : 0704.0048(1,2) 
1,992 4.95583 : 0704.0048(1,2) 
1,993 4.95583 : 0704.0048(1,2) 
1,994 4.95583 : 0704.0048(1,2) 
1,995 4.95583 : 0704.0048(1,2) 
1,996 4.95583 : 0704.0048(1,2) 
1,997 4.95583 : 0704.0048(1,2) 
1,998 4.95583 : 0704.0048(1,2) 
1,999 4.95583 : 0704.0048(1,2) 
2,000 4.95583 : 0704.0048(1,2) 
2,001 4.95583 : 0704.0048(1,2) 
2,002 4.95583 : 0704.0048(1,2) 
2,003 4.95583 : 0704.0048(1,2) 
2,004 4.95583 : 0704.0048(1,2) 
2,005 4.26268 : 0704.0048(1,2) 0704.0065(1,0) 
2,006 4.95583 : 0704.0048(1,2) 
2,007 3.85721 : 0704.0049(2,1) 0704.0081(2,0) 0704.0097(1,0) 
2,008 4.95583 : 0704.0049(5,1) 
2,009 4.95583 : 0704.0049(5,1) 
2,010 4.26268 : 0704.0049(1,0) 0704.0088(1,0) 
2,011 4.95583 : 0704.0049(1,0) 
2,012 4.95583 : 0704.0049(1,0) 
2,013 4.26268 : 0704.0049(2,0) 0704.0079(1,0) 
2,014 3.56953 : 0704.0049(2,0) 0704.0065(1,0) 0704.0069(2,0) 0704.0091(3,1) 
2,015 4.95583 : 0704.0049(2,2) 
2,016 4.26268 : 0704.0049(2,2) 0704.0062(1,2) 
2,017 4.95583 : 0704.0050(3,0) 
2,018 4.95583 : 0704.0050(1,0) 
2,019 4.26268 : 0704.0050(1,0) 0704.0137(1,1) 
2,020 4.95583 : 0704.0050(1,0) 
2,021 4.26268 : 0704.0050(1,0) 0704.0126(1,0) 
2,022 2.87639 : 0704.0050(2,0) 0704.0053(1,0) 0704.0056(1,0) 0704.0067(1,0) 0704.0102(1,0) 0704.0123(1,0) 0704.0126(1,0) 0704.0141(1,0) 
2,023 4.95583 : 0704.0050(1,0) 
2,024 4.95583 : 0704.0050(2,0) 
2,025 3.85721 : 0704.0050(1,0) 0704.0059(1,0) 0704.0123(1,0) 
2,026 3.85721 : 0704.0050(1,0) 0704.0082(1,0) 0704.0120(5,1) 
2,027 4.26268 : 0704.0050(1,0) 0704.0139(6,0) 
2,028 4.95583 : 0704.0050(2,0) 
2,029 4.95583 : 0704.0050(1,0) 
2,030 4.95583 : 0704.0050(1,0) 
2,031 4.95583 : 0704.0050(1,0) 
2,032 4.95583 : 0704.0051(1,1) 
2,033 4.95583 : 0704.0051(4,1) 
2,034 3.56953 : 0704.0051(1,0) 0704.0070(1,0) 0704.0072(1,0) 0704.0080(1,0) 
2,035 4.95583 : 0704.0051(1,0) 
2,036 4.95583 : 0704.0051(1,0) 
2,037 4.95583 : 0704.0051(1,0) 
2,038 4.26268 : 0704.0051(2,0) 0704.0077(1,0) 
2,039 4.95583 : 0704.0051(1,0) 
2,040 4.26268 : 0704.0051(1,0) 0704.0093(1,0) 
2,041 3.85721 : 0704.0051(1,0) 0704.0082(1,0) 0704.0132(1,0) 
2,042 3.85721 : 0704.0051(1,0) 0704.0085(1,0) 0704.0117(1,0) 
2,043 4.95583 : 0704.0051(1,0) 
2,044 4.95583 : 0704.0051(1,0) 
2,045 4.95583 : 0704.0051(1,0) 
2,046 4.95583 : 0704.0051(1,0) 
2,047 4.95583 : 0704.0051(2,0) 
2,048 4.26268 : 0704.0051(1,0) 0704.0070(1,0) 
2,049 4.95583 : 0704.0051(1,0) 
2,050 4.95583 : 0704.0051(1,0) 
2,051 4.26268 : 0704.0051(1,0) 0704.0104(1,0) 
2,052 4.26268 : 0704.0051(2,2) 0704.0138(1,2) 
2,053 4.95583 : 0704.0052(1,1) 
2,054 4.26268 : 0704.0052(1,1) 0704.0085(1,0) 
2,055 3.34639 : 0704.0052(1,1) 0704.0064(1,0) 0704.0083(1,0) 0704.0116(1,0) 0704.0140(1,0) 
2,056 3.56953 : 0704.0052(2,1) 0704.0078(2,1) 0704.0081(1,1) 0704.0096(1,0) 
2,057 3.56953 : 0704.0052(1,0) 0704.0064(4,1) 0704.0136(1,0) 0704.0140(1,0) 
2,058 4.95583 : 0704.0052(1,0) 
2,059 4.95583 : 0704.0052(2,0) 
2,060 4.95583 : 0704.0052(1,0) 
2,061 4.95583 : 0704.0052(1,0) 
2,062 4.95583 : 0704.0052(1,0) 
2,063 4.26268 : 0704.0052(2,0) 0704.0083(1,0) 
2,064 3.85721 : 0704.0052(1,0) 0704.0087(2,1) 0704.0091(1,0) 
2,065 4.26268 : 0704.0052(1,0) 0704.0140(2,1) 
2,066 4.95583 : 0704.0052(1,2) 
2,067 4.95583 : 0704.0052(2,2) 
2,068 4.95583 : 0704.0052(2,2) 
2,069 4.95583 : 0704.0052(1,2) 
2,070 4.95583 : 0704.0052(1,2) 
2,071 4.95583 : 0704.0053(7,1) 
2,072 4.26268 : 0704.0053(5,1) 0704.0105(2,1) 
2,073 4.95583 : 0704.0053(1,0) 
2,074 4.95583 : 0704.0053(1,0) 
2,075 3.34639 : 0704.0053(1,0) 0704.0062(1,0) 0704.0065(1,0) 0704.0074(1,0) 0704.0099(1,0) 
2,076 4.95583 : 0704.0053(2,0) 
2,077 4.95583 : 0704.0053(1,0) 
2,078 3.56953 : 0704.0053(1,0) 0704.0064(1,0) 0704.0084(1,0) 0704.0085(1,0) 
2,079 4.26268 : 0704.0053(1,0) 0704.0067(1,0) 
2,080 4.26268 : 0704.0053(1,0) 0704.0095(2,1) 
2,081 4.95583 : 0704.0053(1,0) 
2,082 4.95583 : 0704.0053(1,0) 
2,083 4.95583 : 0704.0053(2,0) 
2,084 4.95583 : 0704.0053(4,0) 
2,085 4.95583 : 0704.0053(5,0) 
2,086 4.26268 : 0704.0053(1,0) 0704.0118(1,0) 
2,087 4.26268 : 0704.0053(5,0) 0704.0073(1,0) 
2,088 4.26268 : 0704.0053(1,0) 0704.0082(2,0) 
2,089 4.95583 : 0704.0053(1,0) 
2,090 3.56953 : 0704.0053(1,0) 0704.0067(1,0) 0704.0072(1,0) 0704.0081(1,0) 
2,091 4.95583 : 0704.0053(1,0) 
2,092 4.26268 : 0704.0053(1,0) 0704.0099(1,0) 
2,093 4.95583 : 0704.0053(1,0) 
2,094 4.26268 : 0704.0053(1,0) 0704.0091(1,0) 
2,095 4.95583 : 0704.0053(2,0) 
2,096 4.26268 : 0704.0053(1,0) 0704.0103(1,0) 
2,097 4.26268 : 0704.0053(1,0) 0704.0080(1,0) 
2,098 3.85721 : 0704.0053(1,0) 0704.0061(1,0) 0704.0064(1,0) 
2,099 4.95583 : 0704.0053(1,0) 
2,100 4.95583 : 0704.0053(1,0) 
2,101 4.95583 : 0704.0053(1,0) 
2,102 4.95583 : 0704.0053(1,0) 
2,103 4.26268 : 0704.0053(1,0) 0704.0117(1,0) 
2,104 4.95583 : 0704.0053(2,2) 
2,105 4.95583 : 0704.0053(2,2) 
2,106 4.95583 : 0704.0053(1,2) 
2,107 4.95583 : 0704.0053(1,2) 
2,108 4.26268 : 0704.0054(2,1) 0704.0081(1,0) 
2,109 3.85721 : 0704.0054(2,0) 0704.0094(2,0) 0704.0099(2,0) 
2,110 4.95583 : 0704.0054(1,0) 
2,111 4.95583 : 0704.0055(6,1) 
2,112 4.95583 : 0704.0055(2,1) 
2,113 4.95583 : 0704.0055(8,1) 
2,114 4.95583 : 0704.0055(2,1) 
2,115 4.95583 : 0704.0055(2,1) 
2,116 4.95583 : 0704.0055(2,1) 
2,117 4.26268 : 0704.0055(3,1) 0704.0086(1,0) 
2,118 4.26268 : 0704.0055(1,0) 0704.0109(1,0) 
2,119 4.95583 : 0704.0055(1,0) 
2,120 4.95583 : 0704.0055(1,0) 
2,121 4.95583 : 0704.0055(1,0) 
2,122 4.95583 : 0704.0055(2,0) 
2,123 4.95583 : 0704.0055(2,0) 
2,124 4.95583 : 0704.0055(1,0) 
2,125 3.56953 : 0704.0055(1,0) 0704.0058(2,0) 0704.0062(1,0) 0704.0085(1,0) 
2,126 4.95583 : 0704.0055(1,0) 
2,127 4.95583 : 0704.0055(3,0) 
2,128 4.95583 : 0704.0055(1,0) 
2,129 4.95583 : 0704.0055(1,0) 
2,130 4.95583 : 0704.0055(1,0) 
2,131 4.95583 : 0704.0055(3,0) 
2,132 4.95583 : 0704.0055(3,0) 
2,133 3.85721 : 0704.0055(1,0) 0704.0114(1,0) 0704.0135(1,0) 
2,134 3.85721 : 0704.0055(1,0) 0704.0114(1,0) 0704.0135(1,0) 
2,135 3.85721 : 0704.0055(1,0) 0704.0114(1,0) 0704.0135(1,0) 
2,136 4.95583 : 0704.0055(1,0) 
2,137 4.95583 : 0704.0055(1,0) 
2,138 4.95583 : 0704.0055(1,0) 
2,139 4.95583 : 0704.0055(1,0) 
2,140 4.26268 : 0704.0055(1,0) 0704.0118(7,1) 
2,141 3.85721 : 0704.0055(1,0) 0704.0084(1,0) 0704.0113(1,1) 
2,142 4.95583 : 0704.0055(1,0) 
2,143 4.26268 : 0704.0055(2,0) 0704.0138(1,0) 
2,144 4.95583 : 0704.0055(1,0) 
2,145 3.56953 : 0704.0055(1,0) 0704.0094(1,0) 0704.0127(2,1) 0704.0136(1,0) 
2,146 3.00992 : 0704.0055(1,0) 0704.0059(1,0) 0704.0067(1,0) 0704.0080(1,0) 0704.0088(1,0) 0704.0113(1,0) 0704.0116(5,0) 
2,147 4.95583 : 0704.0055(1,0) 
2,148 4.95583 : 0704.0055(1,0) 
2,149 4.95583 : 0704.0055(1,0) 
2,150 4.95583 : 0704.0055(2,2) 
2,151 4.95583 : 0704.0055(1,2) 
2,152 4.95583 : 0704.0055(1,2) 
2,153 4.95583 : 0704.0055(1,2) 
2,154 4.95583 : 0704.0055(1,2) 
2,155 4.95583 : 0704.0055(1,2) 
2,156 4.95583 : 0704.0055(1,2) 
2,157 4.26268 : 0704.0056(1,1) 0704.0059(1,0) 
2,158 4.26268 : 0704.0056(2,1) 0704.0098(1,0) 
2,159 4.95583 : 0704.0056(1,1) 
2,160 4.95583 : 0704.0056(1,1) 
2,161 4.95583 : 0704.0056(1,0) 
2,162 3.56953 : 0704.0056(1,0) 0704.0088(1,0) 0704.0126(1,0) 0704.0141(2,1) 
2,163 3.56953 : 0704.0056(1,0) 0704.0113(1,0) 0704.0119(1,0) 0704.0126(1,0) 
2,164 4.95583 : 0704.0056(1,0) 
2,165 4.26268 : 0704.0056(1,0) 0704.0141(1,0) 
2,166 4.95583 : 0704.0056(1,0) 
2,167 3.56953 : 0704.0056(1,0) 0704.0060(1,0) 0704.0061(1,0) 0704.0117(1,0) 
2,168 4.26268 : 0704.0056(1,0) 0704.0123(1,1) 
2,169 4.26268 : 0704.0056(1,0) 0704.0137(2,1) 
2,170 4.95583 : 0704.0056(1,0) 
2,171 2.87639 : 0704.0056(2,0) 0704.0084(1,0) 0704.0088(1,0) 0704.0092(1,0) 0704.0093(1,0) 0704.0126(1,0) 0704.0134(1,0) 0704.0142(1,0) 
2,172 4.95583 : 0704.0056(1,0) 
2,173 4.95583 : 0704.0056(1,0) 
2,174 4.26268 : 0704.0056(1,0) 0704.0139(1,0) 
2,175 4.95583 : 0704.0056(2,0) 
2,176 3.56953 : 0704.0056(2,0) 0704.0084(1,0) 0704.0094(1,0) 0704.0113(1,0) 
2,177 4.26268 : 0704.0056(1,0) 0704.0074(1,0) 
2,178 4.95583 : 0704.0056(1,0) 
2,179 4.95583 : 0704.0056(1,0) 
2,180 4.95583 : 0704.0056(1,0) 
2,181 4.95583 : 0704.0056(1,0) 
2,182 4.95583 : 0704.0056(2,2) 
2,183 4.95583 : 0704.0056(2,2) 
2,184 4.95583 : 0704.0056(1,2) 
2,185 4.95583 : 0704.0056(1,2) 
2,186 3.85721 : 0704.0057(4,1) 0704.0059(1,0) 0704.0138(1,0) 
2,187 4.95583 : 0704.0057(1,1) 
2,188 4.95583 : 0704.0057(1,0) 
2,189 4.95583 : 0704.0057(3,0) 
2,190 4.95583 : 0704.0057(2,0) 
2,191 4.95583 : 0704.0057(1,0) 
2,192 4.95583 : 0704.0057(1,0) 
2,193 3.56953 : 0704.0057(1,0) 0704.0100(1,1) 0704.0138(1,0) 0704.0140(1,1) 
2,194 3.16407 : 0704.0057(1,0) 0704.0064(2,0) 0704.0078(1,0) 0704.0085(4,0) 0704.0090(3,0) 0704.0142(1,0) 
2,195 4.95583 : 0704.0057(1,0) 
2,196 3.00992 : 0704.0057(1,0) 0704.0066(4,0) 0704.0069(3,1) 0704.0070(1,0) 0704.0080(1,1) 0704.0082(1,0) 0704.0139(1,0) 
2,197 4.26268 : 0704.0057(1,0) 0704.0093(1,0) 
2,198 4.95583 : 0704.0057(1,0) 
2,199 4.26268 : 0704.0057(1,0) 0704.0098(1,0) 
2,200 2.7586 : 0704.0057(1,0) 0704.0067(1,0) 0704.0075(2,1) 0704.0114(1,0) 0704.0117(1,0) 0704.0119(1,0) 0704.0120(3,1) 0704.0136(4,0) 0704.0138(1,0) 
2,201 4.95583 : 0704.0057(1,0) 
2,202 4.95583 : 0704.0057(1,0) 
2,203 4.95583 : 0704.0057(1,0) 
2,204 4.26268 : 0704.0057(1,0) 0704.0087(1,0) 
2,205 4.95583 : 0704.0057(1,0) 
2,206 3.85721 : 0704.0057(1,0) 0704.0060(3,1) 0704.0131(1,0) 
2,207 4.95583 : 0704.0057(1,0) 
2,208 4.26268 : 0704.0057(1,0) 0704.0114(1,1) 
2,209 4.26268 : 0704.0057(1,0) 0704.0132(3,0) 
2,210 4.95583 : 0704.0057(1,0) 
2,211 4.26268 : 0704.0057(1,0) 0704.0082(2,0) 
2,212 4.26268 : 0704.0057(1,0) 0704.0119(3,0) 
2,213 4.95583 : 0704.0057(1,0) 
2,214 4.26268 : 0704.0057(1,0) 0704.0116(1,0) 
2,215 4.95583 : 0704.0057(1,0) 
2,216 4.95583 : 0704.0057(2,2) 
2,217 4.95583 : 0704.0057(2,2) 
2,218 4.95583 : 0704.0057(1,2) 
2,219 4.95583 : 0704.0057(1,2) 
2,220 4.95583 : 0704.0058(6,1) 
2,221 4.95583 : 0704.0058(8,0) 
2,222 3.85721 : 0704.0058(1,0) 0704.0093(2,0) 0704.0094(1,0) 
2,223 4.26268 : 0704.0058(1,0) 0704.0137(1,0) 
2,224 4.95583 : 0704.0058(2,0) 
2,225 3.85721 : 0704.0058(4,0) 0704.0083(2,0) 0704.0135(1,0) 
2,226 4.95583 : 0704.0058(1,0) 
2,227 4.95583 : 0704.0058(1,0) 
2,228 4.95583 : 0704.0058(1,0) 
2,229 4.95583 : 0704.0058(1,0) 
2,230 4.95583 : 0704.0058(1,0) 
2,231 4.26268 : 0704.0058(1,0) 0704.0113(1,0) 
2,232 4.95583 : 0704.0058(1,0) 
2,233 4.95583 : 0704.0058(1,0) 
2,234 4.95583 : 0704.0058(1,0) 
2,235 4.95583 : 0704.0058(1,0) 
2,236 4.95583 : 0704.0058(1,0) 
2,237 4.95583 : 0704.0058(1,0) 
2,238 4.95583 : 0704.0058(1,0) 
2,239 4.95583 : 0704.0058(1,0) 
2,240 4.26268 : 0704.0058(1,0) 0704.0069(1,0) 
2,241 4.95583 : 0704.0058(1,0) 
2,242 4.95583 : 0704.0058(1,0) 
2,243 4.26268 : 0704.0058(1,0) 0704.0115(1,0) 
2,244 4.95583 : 0704.0058(1,0) 
2,245 4.95583 : 0704.0058(1,0) 
2,246 4.95583 : 0704.0058(1,0) 
2,247 4.95583 : 0704.0058(1,0) 
2,248 3.34639 : 0704.0058(2,0) 0704.0080(1,0) 0704.0085(2,0) 0704.0114(1,0) 0704.0138(1,0) 
2,249 4.95583 : 0704.0058(1,0) 
2,250 4.95583 : 0704.0058(1,0) 
2,251 4.95583 : 0704.0058(1,0) 
2,252 4.95583 : 0704.0058(1,0) 
2,253 4.26268 : 0704.0058(1,0) 0704.0088(1,0) 
2,254 4.95583 : 0704.0058(1,0) 
2,255 4.95583 : 0704.0058(1,0) 
2,256 3.85721 : 0704.0058(1,0) 0704.0126(1,0) 0704.0139(1,0) 
2,257 4.95583 : 0704.0058(1,0) 
2,258 4.95583 : 0704.0058(2,2) 
2,259 4.95583 : 0704.0058(2,2) 
2,260 4.95583 : 0704.0059(1,1) 
2,261 4.95583 : 0704.0059(1,1) 
2,262 4.95583 : 0704.0059(5,1) 
2,263 4.95583 : 0704.0059(3,1) 
2,264 4.95583 : 0704.0059(4,1) 
2,265 4.95583 : 0704.0059(4,1) 
2,266 3.85721 : 0704.0059(2,0) 0704.0080(1,0) 0704.0131(1,0) 
2,267 3.85721 : 0704.0059(1,0) 0704.0080(1,0) 0704.0139(1,0) 
2,268 3.56953 : 0704.0059(1,0) 0704.0086(1,0) 0704.0129(1,0) 0704.0131(1,0) 
2,269 4.95583 : 0704.0059(1,0) 
2,270 4.26268 : 0704.0059(1,0) 0704.0083(1,0) 
2,271 4.95583 : 0704.0059(4,0) 
2,272 4.95583 : 0704.0059(1,0) 
2,273 4.26268 : 0704.0059(5,0) 0704.0138(4,0) 
2,274 4.95583 : 0704.0059(1,0) 
2,275 3.85721 : 0704.0059(1,0) 0704.0137(1,0) 0704.0138(6,1) 
2,276 4.95583 : 0704.0059(1,0) 
2,277 3.34639 : 0704.0059(1,0) 0704.0075(1,0) 0704.0082(2,0) 0704.0094(1,0) 0704.0129(1,1) 
2,278 4.95583 : 0704.0059(1,0) 
2,279 3.85721 : 0704.0059(1,0) 0704.0088(2,0) 0704.0126(2,1) 
2,280 3.85721 : 0704.0059(2,0) 0704.0127(1,0) 0704.0128(1,0) 
2,281 4.95583 : 0704.0059(1,0) 
2,282 4.95583 : 0704.0059(1,0) 
2,283 4.95583 : 0704.0059(1,0) 
2,284 4.95583 : 0704.0059(1,0) 
2,285 4.95583 : 0704.0059(1,0) 
2,286 4.26268 : 0704.0059(1,0) 0704.0113(5,1) 
2,287 4.26268 : 0704.0059(3,0) 0704.0126(1,0) 
2,288 4.95583 : 0704.0059(1,0) 
2,289 4.26268 : 0704.0059(6,0) 0704.0119(4,0) 
2,290 4.95583 : 0704.0059(2,0) 
2,291 4.95583 : 0704.0059(1,0) 
2,292 4.26268 : 0704.0059(1,0) 0704.0094(1,0) 
2,293 3.56953 : 0704.0059(1,0) 0704.0069(1,0) 0704.0104(1,0) 0704.0127(1,0) 
2,294 4.95583 : 0704.0059(3,0) 
2,295 4.95583 : 0704.0059(2,0) 
2,296 4.95583 : 0704.0059(1,0) 
2,297 4.95583 : 0704.0059(1,0) 
2,298 3.85721 : 0704.0059(2,0) 0704.0094(5,0) 0704.0133(1,0) 
2,299 4.95583 : 0704.0059(1,0) 
2,300 4.95583 : 0704.0059(1,0) 
2,301 4.95583 : 0704.0059(1,0) 
2,302 4.95583 : 0704.0059(1,2) 
2,303 4.95583 : 0704.0059(2,2) 
2,304 4.95583 : 0704.0059(1,2) 
2,305 4.95583 : 0704.0059(1,2) 
2,306 4.95583 : 0704.0059(1,2) 
2,307 4.95583 : 0704.0059(1,2) 
2,308 4.95583 : 0704.0059(1,2) 
2,309 4.95583 : 0704.0059(1,2) 
2,310 4.95583 : 0704.0059(1,2) 
2,311 4.95583 : 0704.0059(1,2) 
2,312 4.95583 : 0704.0059(1,2) 
2,313 3.85721 : 0704.0060(2,1) 0704.0117(1,0) 0704.0132(1,0) 
2,314 4.26268 : 0704.0060(2,1) 0704.0123(1,0) 
2,315 4.26268 : 0704.0060(2,1) 0704.0106(2,1) 
2,316 4.95583 : 0704.0060(1,0) 
2,317 4.95583 : 0704.0060(1,0) 
2,318 4.26268 : 0704.0060(1,0) 0704.0084(2,0) 
2,319 4.95583 : 0704.0060(4,0) 
2,320 4.95583 : 0704.0060(1,0) 
2,321 4.95583 : 0704.0060(1,0) 
2,322 4.26268 : 0704.0060(1,0) 0704.0067(1,0) 
2,323 4.95583 : 0704.0060(1,0) 
2,324 4.26268 : 0704.0060(1,0) 0704.0137(1,0) 
2,325 4.95583 : 0704.0060(1,0) 
2,326 4.95583 : 0704.0060(1,2) 
2,327 4.95583 : 0704.0060(2,2) 
2,328 4.95583 : 0704.0060(1,2) 
2,329 4.95583 : 0704.0060(1,2) 
2,330 4.95583 : 0704.0060(1,2) 
2,331 4.95583 : 0704.0060(1,2) 
2,332 4.26268 : 0704.0061(6,1) 0704.0105(1,0) 
2,333 4.95583 : 0704.0061(8,1) 
2,334 4.95583 : 0704.0061(4,1) 
2,335 4.95583 : 0704.0061(6,1) 
2,336 4.95583 : 0704.0061(1,0) 
2,337 3.16407 : 0704.0061(2,0) 0704.0073(1,0) 0704.0087(1,0) 0704.0104(2,1) 0704.0105(1,0) 0704.0137(3,1) 
2,338 4.95583 : 0704.0061(1,0) 
2,339 4.95583 : 0704.0061(2,0) 
2,340 4.95583 : 0704.0061(1,0) 
2,341 4.95583 : 0704.0061(1,0) 
2,342 3.56953 : 0704.0061(1,0) 0704.0082(1,0) 0704.0100(1,0) 0704.0102(1,0) 
2,343 4.95583 : 0704.0061(2,0) 
2,344 4.95583 : 0704.0061(1,0) 
2,345 3.16407 : 0704.0061(1,0) 0704.0065(1,0) 0704.0074(1,0) 0704.0080(1,0) 0704.0087(1,0) 0704.0142(1,0) 
2,346 4.95583 : 0704.0061(1,0) 
2,347 4.26268 : 0704.0061(1,0) 0704.0095(3,1) 
2,348 4.26268 : 0704.0061(2,0) 0704.0069(2,0) 
2,349 4.95583 : 0704.0061(1,0) 
2,350 4.95583 : 0704.0061(1,0) 
2,351 3.34639 : 0704.0061(1,0) 0704.0065(1,0) 0704.0082(1,0) 0704.0121(1,0) 0704.0135(1,0) 
2,352 4.95583 : 0704.0061(1,0) 
2,353 4.95583 : 0704.0061(2,2) 
2,354 4.95583 : 0704.0061(2,2) 
2,355 4.95583 : 0704.0062(5,1) 
2,356 3.85721 : 0704.0062(1,1) 0704.0067(1,0) 0704.0098(1,0) 
2,357 4.95583 : 0704.0062(1,1) 
2,358 4.26268 : 0704.0062(1,0) 0704.0098(1,0) 
2,359 4.95583 : 0704.0062(1,0) 
2,360 4.95583 : 0704.0062(2,0) 
2,361 3.34639 : 0704.0062(1,0) 0704.0080(2,0) 0704.0085(1,0) 0704.0128(1,0) 0704.0138(1,0) 
2,362 3.56953 : 0704.0062(1,0) 0704.0084(1,0) 0704.0094(1,0) 0704.0098(1,0) 
2,363 4.95583 : 0704.0062(1,0) 
2,364 4.95583 : 0704.0062(1,0) 
2,365 3.34639 : 0704.0062(1,0) 0704.0065(1,0) 0704.0069(2,0) 0704.0072(1,0) 0704.0073(1,0) 
2,366 4.95583 : 0704.0062(2,0) 
2,367 4.26268 : 0704.0062(1,0) 0704.0064(2,0) 
2,368 4.95583 : 0704.0062(1,0) 
2,369 4.26268 : 0704.0062(1,0) 0704.0080(1,0) 
2,370 4.95583 : 0704.0062(1,0) 
2,371 4.95583 : 0704.0062(1,0) 
2,372 4.95583 : 0704.0062(2,0) 
2,373 4.95583 : 0704.0062(2,0) 
2,374 3.85721 : 0704.0062(1,0) 0704.0073(1,0) 0704.0117(1,0) 
2,375 4.95583 : 0704.0062(1,0) 
2,376 4.95583 : 0704.0062(1,0) 
2,377 4.95583 : 0704.0062(1,0) 
2,378 4.95583 : 0704.0062(1,0) 
2,379 4.95583 : 0704.0062(1,0) 
2,380 4.26268 : 0704.0062(1,0) 0704.0072(2,1) 
2,381 4.26268 : 0704.0062(1,0) 0704.0090(1,0) 
2,382 4.95583 : 0704.0062(2,2) 
2,383 4.95583 : 0704.0062(1,2) 
2,384 4.95583 : 0704.0062(1,2) 
2,385 4.95583 : 0704.0062(1,2) 
2,386 4.95583 : 0704.0063(2,1) 
2,387 4.26268 : 0704.0063(2,1) 0704.0104(1,0) 
2,388 4.95583 : 0704.0063(5,1) 
2,389 4.95583 : 0704.0063(5,1) 
2,390 4.95583 : 0704.0063(2,0) 
2,391 3.85721 : 0704.0063(1,0) 0704.0087(1,0) 0704.0105(1,0) 
2,392 4.26268 : 0704.0063(1,0) 0704.0066(1,0) 
2,393 4.95583 : 0704.0063(1,0) 
2,394 4.95583 : 0704.0063(1,0) 
2,395 4.95583 : 0704.0063(1,0) 
2,396 4.95583 : 0704.0063(1,0) 
2,397 4.95583 : 0704.0063(1,0) 
2,398 4.95583 : 0704.0063(1,0) 
2,399 4.95583 : 0704.0063(1,0) 
2,400 4.26268 : 0704.0063(1,0) 0704.0083(1,0) 
