1 3.56953 : 0704.0001(3,1) 0704.0025(1,0) 0704.0065(2,0) 0704.0127(1,0) 
2 4.95583 : 0704.0001(1,1) 
3 4.95583 : 0704.0001(3,1) 
4 4.26268 : 0704.0001(2,1) 0704.0043(1,0) 
5 4.26268 : 0704.0001(1,1) 0704.0060(1,0) 
6 3.85721 : 0704.0001(1,1) 0704.0060(1,0) 0704.0061(2,0) 
7 4.95583 : 0704.0001(2,1) 
8 4.26268 : 0704.0001(3,1) 0704.0031(2,1) 
9 3.85721 : 0704.0001(1,1) 0704.0055(1,0) 0704.0060(3,1)
10 4.95583 : 0704.0001(1,0) 
11 2.87639 : 0704.0001(1,0) 0704.0014(1,0) 0704.0022(3,0) 0704.0068(1,0) 0704.0073(1,0) 0704.0096(3,0) 0704.0103(1,0) 0704.0104(1,0) 
12 4.26268 : 0704.0001(2,0) 0704.0142(1,0) 
13 1.77777 : 0704.0001(1,0) 0704.0007(7,1) 0704.0034(1,1) 0704.0041(11,1) 0704.0042(6,1) 0704.0046(3,0) 0704.0051(3,0) 0704.0052(3,1) 0704.0058(1,0) 0704.0065(1,0) 0704.0066(2,1) 0704.0067(3,1) 0704.0070(2,1) 0704.0075(1,0) 0704.0081(2,1) 0704.0083(1,0) 0704.0097(1,0) 0704.0105(1,0) 0704.0111(1,0) 0704.0114(2,1) 0704.0117(1,0) 0704.0123(1,0) 0704.0132(2,1) 0704.0136(2,1) 
14 4.95583 : 0704.0001(1,0) 
15 2.7586 : 0704.0001(1,0) 0704.0017(1,0) 0704.0037(1,0) 0704.0063(1,0) 0704.0067(1,0) 0704.0088(1,0) 0704.0098(1,0) 0704.0136(1,0) 0704.0137(1,0) 
16 4.26268 : 0704.0001(1,0) 0704.0085(2,0) 
17 4.95583 : 0704.0001(1,0) 
18 3.85721 : 0704.0001(3,0) 0704.0006(1,1) 0704.0071(1,0) 
19 3.85721 : 0704.0001(2,0) 0704.0031(1,0) 0704.0106(1,0) 
20 4.95583 : 0704.0001(1,0) 
21 2.65324 : 0704.0001(2,0) 0704.0016(1,0) 0704.0018(1,0) 0704.0043(1,0) 0704.0058(1,0) 0704.0066(2,0) 0704.0080(1,0) 0704.0081(1,0) 0704.0085(3,0) 0704.0138(1,0) 
22 4.26268 : 0704.0001(3,0) 0704.0115(1,0) 
23 3.34639 : 0704.0001(2,0) 0704.0030(1,0) 0704.0045(1,0) 0704.0106(2,0) 0704.0140(1,0) 
24 2.39088 : 0704.0001(1,0) 0704.0006(1,0) 0704.0016(1,0) 0704.0035(1,0) 0704.0053(1,0) 0704.0067(11,1) 0704.0072(4,1) 0704.0096(3,0) 0704.0106(2,0) 0704.0114(2,0) 0704.0125(1,0) 0704.0127(1,0) 0704.0134(1,0) 
25 3.85721 : 0704.0001(1,0) 0704.0016(1,0) 0704.0106(1,0) 
26 0.948494 : 0704.0001(4,0) 0704.0003(1,0) 0704.0004(1,0) 0704.0005(1,1) 0704.0007(2,0) 0704.0009(5,0) 0704.0010(1,0) 0704.0011(1,0) 0704.0017(4,0) 0704.0020(2,0) 0704.0021(1,0) 0704.0023(2,0) 0704.0026(1,0) 0704.0029(3,0) 0704.0030(1,0) 0704.0031(1,0) 0704.0036(1,0) 0704.0037(1,0) 0704.0039(1,0) 0704.0042(1,0) 0704.0045(1,0) 0704.0047(1,0) 0704.0048(1,0) 0704.0050(1,0) 0704.0053(1,0) 0704.0055(1,0) 0704.0057(1,0) 0704.0059(4,0) 0704.0063(2,0) 0704.0065(1,0) 0704.0066(1,0) 0704.0069(1,0) 0704.0071(1,0) 0704.0073(1,0) 0704.0077(1,0) 0704.0080(2,0) 0704.0084(1,0) 0704.0089(4,0) 0704.0093(1,1) 0704.0100(1,0) 0704.0101(1,0) 0704.0105(1,0) 0704.0106(2,0) 0704.0109(1,0) 0704.0111(1,0) 0704.0112(1,0) 0704.0113(1,1) 0704.0114(2,0) 0704.0120(1,0) 0704.0121(1,0) 0704.0122(2,0) 0704.0127(2,0) 0704.0133(1,0) 0704.0135(1,0) 0704.0139(1,0) 
27 3.56953 : 0704.0001(2,0) 0704.0016(1,0) 0704.0029(3,1) 0704.0106(18,1) 
28 4.26268 : 0704.0001(1,0) 0704.0106(10,0) 
29 4.26268 : 0704.0001(4,0) 0704.0106(4,0) 
30 3.56953 : 0704.0001(1,0) 0704.0052(1,0) 0704.0064(2,0) 0704.0140(2,1) 
31 4.95583 : 0704.0001(1,0) 
32 0.665368 : 0704.0001(4,0) 0704.0006(2,0) 0704.0009(1,0) 0704.0010(6,0) 0704.0011(1,0) 0704.0013(2,0) 0704.0016(4,0) 0704.0017(2,0) 0704.0020(1,0) 0704.0022(1,0) 0704.0023(1,0) 0704.0024(2,0) 0704.0029(1,0) 0704.0031(1,0) 0704.0033(2,0) 0704.0036(4,0) 0704.0037(4,0) 0704.0038(1,0) 0704.0040(1,0) 0704.0042(1,0) 0704.0043(4,0) 0704.0044(6,0) 0704.0045(1,0) 0704.0049(1,0) 0704.0050(1,0) 0704.0051(2,0) 0704.0053(5,0) 0704.0055(2,0) 0704.0056(1,0) 0704.0057(1,0) 0704.0060(3,0) 0704.0061(2,0) 0704.0063(1,0) 0704.0064(2,0) 0704.0065(1,0) 0704.0066(4,0) 0704.0067(6,0) 0704.0069(1,0) 0704.0074(2,0) 0704.0076(1,0) 0704.0079(1,0) 0704.0080(6,0) 0704.0081(1,0) 0704.0082(3,0) 0704.0083(1,0) 0704.0084(1,0) 0704.0085(1,0) 0704.0086(3,0) 0704.0088(2,0) 0704.0089(1,0) 0704.0090(1,0) 0704.0093(1,0) 0704.0094(5,0) 0704.0100(3,0) 0704.0103(2,0) 0704.0105(1,0) 0704.0106(2,0) 0704.0107(1,0) 0704.0109(2,0) 0704.0111(1,0) 0704.0113(1,0) 0704.0118(2,0) 0704.0119(1,0) 0704.0120(1,0) 0704.0122(2,0) 0704.0127(3,0) 0704.0128(5,0) 0704.0130(3,0) 0704.0134(1,0) 0704.0136(3,0) 0704.0137(1,0) 0704.0138(1,0) 0704.0142(1,0) 
33 3.85721 : 0704.0001(1,0) 0704.0016(1,0) 0704.0055(1,0) 
34 0.948494 : 0704.0001(2,0) 0704.0007(3,0) 0704.0008(1,0) 0704.0009(2,1) 0704.0012(1,0) 0704.0013(1,0) 0704.0015(1,0) 0704.0017(2,0) 0704.0018(2,0) 0704.0022(2,0) 0704.0023(3,1) 0704.0026(2,0) 0704.0040(1,0) 0704.0041(1,0) 0704.0043(1,0) 0704.0046(1,0) 0704.0053(1,0) 0704.0055(1,0) 0704.0056(2,0) 0704.0057(1,0) 0704.0060(4,0) 0704.0062(3,0) 0704.0063(1,0) 0704.0064(2,0) 0704.0066(5,0) 0704.0067(2,0) 0704.0069(1,0) 0704.0070(1,0) 0704.0078(1,0) 0704.0080(5,0) 0704.0082(2,0) 0704.0084(2,0) 0704.0086(1,0) 0704.0088(1,0) 0704.0091(2,0) 0704.0092(1,0) 0704.0093(1,0) 0704.0100(3,0) 0704.0104(2,0) 0704.0105(2,0) 0704.0109(2,0) 0704.0112(2,0) 0704.0114(1,0) 0704.0116(1,0) 0704.0117(2,0) 0704.0122(1,0) 0704.0127(4,0) 0704.0128(2,0) 0704.0130(1,1) 0704.0133(1,0) 0704.0134(1,0) 0704.0135(3,1) 0704.0138(1,0) 0704.0139(1,0) 0704.0140(2,0) 
35 2.47092 : 0704.0001(1,0) 0704.0003(1,0) 0704.0017(1,0) 0704.0055(1,0) 0704.0064(1,0) 0704.0080(2,0) 0704.0093(1,0) 0704.0105(1,0) 0704.0109(1,0) 0704.0117(1,0) 0704.0127(1,0) 0704.0140(1,0) 
36 3.85721 : 0704.0001(1,0) 0704.0069(1,0) 0704.0072(1,0) 
37 4.95583 : 0704.0001(1,0) 
38 2.87639 : 0704.0001(1,0) 0704.0023(1,0) 0704.0043(1,0) 0704.0045(1,0) 0704.0067(1,0) 0704.0072(2,0) 0704.0084(2,0) 0704.0086(2,0) 
39 2.18324 : 0704.0001(1,0) 0704.0006(1,0) 0704.0008(1,0) 0704.0025(1,0) 0704.0036(3,0) 0704.0057(1,0) 0704.0062(2,0) 0704.0070(1,0) 0704.0082(2,0) 0704.0083(1,0) 0704.0109(1,0) 0704.0117(3,1) 0704.0119(3,1) 0704.0123(1,1) 0704.0126(1,1) 0704.0127(1,0) 
40 3.34639 : 0704.0001(1,0) 0704.0088(1,0) 0704.0117(1,0) 0704.0135(1,0) 0704.0138(1,0) 
41 4.95583 : 0704.0001(1,0) 
42 4.95583 : 0704.0001(1,0) 
43 3.16407 : 0704.0001(1,0) 0704.0008(1,0) 0704.0031(1,0) 0704.0035(2,1) 0704.0047(2,0) 0704.0048(1,0) 
44 3.34639 : 0704.0001(1,0) 0704.0009(1,0) 0704.0100(1,0) 0704.0106(1,0) 0704.0132(1,0) 
45 2.24778 : 0704.0001(1,0) 0704.0008(1,0) 0704.0031(1,1) 0704.0039(3,0) 0704.0044(2,0) 0704.0056(2,1) 0704.0057(2,0) 0704.0082(1,0) 0704.0083(1,0) 0704.0114(3,1) 0704.0120(3,1) 0704.0123(1,0) 0704.0127(1,0) 0704.0137(3,0) 0704.0142(1,0) 
46 1.86478 : 0704.0001(1,0) 0704.0013(1,0) 0704.0018(2,0) 0704.0024(1,0) 0704.0028(1,0) 0704.0031(1,1) 0704.0041(1,0) 0704.0044(4,0) 0704.0052(4,0) 0704.0062(2,0) 0704.0073(1,0) 0704.0077(2,0) 0704.0083(1,0) 0704.0084(1,0) 0704.0085(4,0) 0704.0100(3,0) 0704.0104(1,0) 0704.0123(1,0) 0704.0125(1,0) 0704.0134(1,0) 0704.0136(2,1) 0704.0138(1,0) 
47 4.95583 : 0704.0001(1,0) 
48 1.10568 : 0704.0001(1,0) 0704.0003(1,0) 0704.0006(2,0) 0704.0007(1,0) 0704.0017(1,0) 0704.0024(1,0) 0704.0025(1,0) 0704.0032(1,0) 0704.0035(1,0) 0704.0037(1,0) 0704.0038(1,0) 0704.0041(1,0) 0704.0044(3,0) 0704.0045(2,0) 0704.0047(1,0) 0704.0051(2,0) 0704.0052(1,0) 0704.0057(2,0) 0704.0059(1,0) 0704.0061(1,0) 0704.0062(1,0) 0704.0063(2,0) 0704.0065(3,0) 0704.0068(1,0) 0704.0069(1,0) 0704.0072(2,0) 0704.0073(1,0) 0704.0074(3,0) 0704.0079(1,0) 0704.0080(1,0) 0704.0082(1,0) 0704.0084(1,0) 0704.0086(1,0) 0704.0087(1,0) 0704.0089(1,0) 0704.0094(1,0) 0704.0095(1,0) 0704.0098(1,0) 0704.0104(1,0) 0704.0106(2,0) 0704.0113(1,0) 0704.0114(1,0) 0704.0116(1,0) 0704.0117(1,0) 0704.0128(2,0) 0704.0136(3,0) 0704.0142(2,0) 
49 2.65324 : 0704.0001(1,0) 0704.0027(1,0) 0704.0032(1,0) 0704.0036(3,0) 0704.0053(2,0) 0704.0063(1,0) 0704.0066(1,0) 0704.0076(1,0) 0704.0085(1,0) 0704.0120(1,0) 
50 4.26268 : 0704.0001(1,0) 0704.0035(1,0) 
51 4.95583 : 0704.0001(1,0) 
52 3.34639 : 0704.0001(1,0) 0704.0017(1,0) 0704.0018(1,0) 0704.0055(1,0) 0704.0080(1,0) 
53 3.85721 : 0704.0001(1,0) 0704.0035(1,0) 0704.0089(1,0) 
54 0.50148 : 0704.0001(4,0) 0704.0002(2,0) 0704.0003(3,0) 0704.0006(3,0) 0704.0007(1,0) 0704.0008(1,0) 0704.0009(6,1) 0704.0016(1,0) 0704.0017(5,0) 0704.0018(1,0) 0704.0020(1,0) 0704.0022(1,0) 0704.0023(5,0) 0704.0024(1,0) 0704.0025(1,0) 0704.0027(3,0) 0704.0030(1,1) 0704.0031(4,1) 0704.0032(1,1) 0704.0033(1,0) 0704.0035(1,0) 0704.0037(4,0) 0704.0040(1,1) 0704.0041(2,0) 0704.0043(1,0) 0704.0044(2,0) 0704.0045(3,1) 0704.0048(2,0) 0704.0051(1,0) 0704.0054(1,0) 0704.0055(4,0) 0704.0056(1,0) 0704.0057(3,0) 0704.0059(4,0) 0704.0061(1,0) 0704.0062(1,0) 0704.0064(2,0) 0704.0066(1,0) 0704.0067(1,0) 0704.0069(1,0) 0704.0070(2,1) 0704.0072(3,1) 0704.0073(1,0) 0704.0074(2,0) 0704.0075(1,0) 0704.0077(1,0) 0704.0078(1,0) 0704.0079(3,1) 0704.0080(2,0) 0704.0082(5,1) 0704.0083(1,0) 0704.0084(3,0) 0704.0085(3,0) 0704.0086(1,0) 0704.0088(3,0) 0704.0091(2,1) 0704.0092(2,1) 0704.0094(7,0) 0704.0095(1,0) 0704.0097(1,0) 0704.0098(1,0) 0704.0099(2,0) 0704.0100(2,0) 0704.0109(1,0) 0704.0113(2,0) 0704.0114(2,0) 0704.0115(3,1) 0704.0117(2,0) 0704.0118(3,0) 0704.0119(1,0) 0704.0120(1,0) 0704.0121(4,0) 0704.0123(3,0) 0704.0127(1,0) 0704.0128(3,0) 0704.0130(2,0) 0704.0131(4,0) 0704.0133(1,0) 0704.0134(1,0) 0704.0135(1,0) 0704.0136(4,0) 0704.0137(3,0) 0704.0138(4,0) 0704.0140(2,0) 0704.0141(1,0) 0704.0142(3,0) 
55 2.18324 : 0704.0001(2,0) 0704.0003(1,0) 0704.0009(2,0) 0704.0020(1,0) 0704.0047(1,0) 0704.0048(4,1) 0704.0062(1,0) 0704.0066(1,0) 0704.0074(2,0) 0704.0075(1,0) 0704.0089(6,0) 0704.0094(2,0) 0704.0107(3,0) 0704.0119(3,0) 0704.0120(1,0) 0704.0128(5,0) 
56 4.95583 : 0704.0001(1,0) 
57 3.85721 : 0704.0001(2,0) 0704.0016(1,0) 0704.0017(1,0) 
58 3.16407 : 0704.0001(1,0) 0704.0008(1,0) 0704.0026(1,1) 0704.0056(1,0) 0704.0111(2,0) 0704.0117(1,0) 
59 2.47092 : 0704.0001(1,0) 0704.0006(2,0) 0704.0009(2,0) 0704.0016(1,0) 0704.0022(1,0) 0704.0036(1,0) 0704.0037(1,0) 0704.0042(1,0) 0704.0044(1,0) 0704.0047(1,0) 0704.0073(1,0) 0704.0105(1,0) 
60 3.34639 : 0704.0001(1,0) 0704.0063(1,0) 0704.0093(1,0) 0704.0131(1,0) 0704.0138(1,0) 
61 3.85721 : 0704.0001(1,0) 0704.0047(1,0) 0704.0076(2,0) 
62 4.95583 : 0704.0001(1,0) 
63 3.85721 : 0704.0001(1,0) 0704.0043(3,0) 0704.0066(1,0) 
64 2.39088 : 0704.0001(1,0) 0704.0038(1,0) 0704.0045(1,0) 0704.0047(1,0) 0704.0060(1,0) 0704.0072(1,0) 0704.0077(1,0) 0704.0081(1,0) 0704.0083(1,0) 0704.0092(1,0) 0704.0100(1,0) 0704.0106(1,0) 0704.0134(1,0) 
65 3.85721 : 0704.0001(2,0) 0704.0090(2,0) 0704.0106(2,0) 
66 3.56953 : 0704.0001(2,0) 0704.0017(1,0) 0704.0032(1,0) 0704.0128(1,0) 
67 2.18324 : 0704.0001(1,0) 0704.0030(2,0) 0704.0039(1,0) 0704.0044(4,0) 0704.0055(3,0) 0704.0056(1,0) 0704.0060(1,0) 0704.0077(3,1) 0704.0083(2,0) 0704.0084(1,0) 0704.0085(1,0) 0704.0092(2,1) 0704.0093(4,1) 0704.0114(1,0) 0704.0119(1,0) 0704.0134(3,0) 
68 2.18324 : 0704.0001(1,0) 0704.0009(1,1) 0704.0017(1,0) 0704.0031(1,0) 0704.0033(1,0) 0704.0037(2,0) 0704.0039(1,0) 0704.0046(1,0) 0704.0084(1,0) 0704.0094(1,0) 0704.0095(3,1) 0704.0098(1,0) 0704.0106(1,0) 0704.0113(1,0) 0704.0122(1,0) 0704.0140(1,0) 
69 3.85721 : 0704.0001(1,0) 0704.0020(1,0) 0704.0031(1,0) 
70 3.00992 : 0704.0001(1,0) 0704.0020(3,0) 0704.0063(6,1) 0704.0075(1,0) 0704.0083(1,0) 0704.0120(1,0) 0704.0125(1,0) 
71 4.95583 : 0704.0001(1,0) 
72 4.26268 : 0704.0001(1,0) 0704.0029(3,0) 
73 4.95583 : 0704.0001(1,0) 
74 2.7586 : 0704.0001(1,0) 0704.0009(1,0) 0704.0011(1,0) 0704.0017(2,0) 0704.0069(1,0) 0704.0075(1,0) 0704.0082(2,0) 0704.0139(1,0) 0704.0142(1,0) 
75 4.26268 : 0704.0001(1,0) 0704.0039(1,0) 
76 2.7586 : 0704.0001(1,0) 0704.0010(1,0) 0704.0022(1,0) 0704.0023(1,0) 0704.0037(1,0) 0704.0106(2,0) 0704.0123(1,0) 0704.0131(1,0) 0704.0139(1,0) 
77 4.26268 : 0704.0001(1,0) 0704.0135(1,0) 
78 4.95583 : 0704.0001(1,0) 
79 4.26268 : 0704.0001(1,0) 0704.0120(2,0) 
80 3.56953 : 0704.0001(1,0) 0704.0048(4,0) 0704.0050(1,0) 0704.0084(1,0) 
81 1.49009 : 0704.0001(1,0) 0704.0009(2,0) 0704.0018(2,0) 0704.0021(2,0) 0704.0026(1,0) 0704.0027(2,0) 0704.0029(2,0) 0704.0031(2,0) 0704.0032(1,0) 0704.0036(1,0) 0704.0042(1,0) 0704.0045(2,0) 0704.0057(2,0) 0704.0059(1,0) 0704.0062(1,0) 0704.0069(2,0) 0704.0070(1,0) 0704.0072(2,0) 0704.0082(1,0) 0704.0083(1,0) 0704.0084(1,0) 0704.0085(3,0) 0704.0091(1,0) 0704.0094(2,0) 0704.0095(1,0) 0704.0100(1,0) 0704.0109(2,0) 0704.0112(1,0) 0704.0126(1,0) 0704.0134(1,0) 0704.0136(1,0) 0704.0142(1,0) 
82 1.14916 : 0704.0001(1,0) 0704.0003(1,0) 0704.0008(1,0) 0704.0009(4,0) 0704.0016(3,0) 0704.0018(2,0) 0704.0020(2,0) 0704.0023(1,0) 0704.0027(2,0) 0704.0030(1,0) 0704.0031(1,0) 0704.0035(1,0) 0704.0042(1,0) 0704.0044(2,0) 0704.0045(2,0) 0704.0058(1,0) 0704.0059(1,0) 0704.0060(1,0) 0704.0062(1,0) 0704.0066(1,0) 0704.0069(2,0) 0704.0070(1,0) 0704.0072(1,0) 0704.0074(1,0) 0704.0077(1,0) 0704.0082(1,0) 0704.0083(1,0) 0704.0084(1,0) 0704.0085(4,0) 0704.0091(1,0) 0704.0093(1,0) 0704.0094(1,0) 0704.0095(1,0) 0704.0100(2,0) 0704.0105(1,0) 0704.0106(1,0) 0704.0109(1,0) 0704.0126(2,0) 0704.0128(2,0) 0704.0134(1,0) 0704.0135(2,0) 0704.0136(1,0) 0704.0138(1,0) 0704.0139(1,0) 0704.0142(1,0) 
83 2.18324 : 0704.0001(1,0) 0704.0010(1,0) 0704.0013(2,0) 0704.0016(1,0) 0704.0023(1,0) 0704.0025(1,0) 0704.0029(1,0) 0704.0047(1,0) 0704.0053(1,0) 0704.0061(1,0) 0704.0083(1,0) 0704.0094(1,0) 0704.0099(1,0) 0704.0120(1,0) 0704.0128(1,0) 0704.0140(1,0) 
84 4.95583 : 0704.0001(1,0) 
85 4.95583 : 0704.0001(1,0) 
86 4.95583 : 0704.0001(1,0) 
87 4.26268 : 0704.0001(1,2) 0704.0130(1,2) 
88 4.95583 : 0704.0001(2,2) 
89 1.62362 : 0704.0001(2,2) 0704.0006(1,2) 0704.0008(1,2) 0704.0009(1,2) 0704.0010(1,0) 0704.0026(2,2) 0704.0044(1,2) 0704.0053(7,0) 0704.0059(1,2) 0704.0060(1,2) 0704.0068(1,0) 0704.0078(1,2) 0704.0079(2,2) 0704.0080(1,0) 0704.0084(3,0) 0704.0091(1,0) 0704.0093(1,0) 0704.0096(2,2) 0704.0103(1,0) 0704.0104(2,1) 0704.0106(2,0) 0704.0110(2,1) 0704.0112(2,2) 0704.0121(6,0) 0704.0126(1,0) 0704.0135(1,2) 0704.0137(1,2) 0704.0139(1,2) 
90 4.95583 : 0704.0001(1,2) 
91 4.95583 : 0704.0001(1,2) 
92 1.9113 : 0704.0001(1,2) 0704.0020(3,1) 0704.0028(2,2) 0704.0031(1,0) 0704.0032(3,0) 0704.0044(1,2) 0704.0057(1,0) 0704.0059(2,2) 0704.0060(4,2) 0704.0071(1,2) 0704.0079(4,0) 0704.0080(1,2) 0704.0094(1,0) 0704.0095(1,0) 0704.0123(1,0) 0704.0129(1,0) 0704.0131(3,0) 0704.0133(4,2) 0704.0134(1,0) 0704.0139(1,2) 0704.0140(1,0) 
93 2.39088 : 0704.0001(1,2) 0704.0009(1,2) 0704.0013(1,0) 0704.0053(2,2) 0704.0061(1,0) 0704.0079(12,0) 0704.0096(1,2) 0704.0104(2,0) 0704.0117(1,2) 0704.0125(2,0) 0704.0128(3,2) 0704.0133(1,2) 0704.0138(1,0) 
94 4.95583 : 0704.0001(1,2) 
95 1.62362 : 0704.0001(2,2) 0704.0005(1,0) 0704.0012(3,0) 0704.0013(3,1) 0704.0026(2,2) 0704.0028(2,2) 0704.0030(1,2) 0704.0033(1,2) 0704.0035(1,2) 0704.0037(1,2) 0704.0053(5,0) 0704.0054(3,1) 0704.0059(2,2) 0704.0061(1,0) 0704.0064(1,2) 0704.0075(2,0) 0704.0093(1,2) 0704.0095(1,0) 0704.0096(1,2) 0704.0105(2,0) 0704.0112(2,2) 0704.0115(1,0) 0704.0125(1,0) 0704.0128(5,2) 0704.0130(1,0) 0704.0131(2,0) 0704.0132(2,2) 0704.0133(1,2) 
96 1.62362 : 0704.0001(1,2) 0704.0003(1,0) 0704.0009(1,2) 0704.0023(1,2) 0704.0024(1,2) 0704.0027(2,2) 0704.0031(2,2) 0704.0037(3,0) 0704.0045(2,2) 0704.0051(2,2) 0704.0059(7,2) 0704.0060(1,2) 0704.0062(2,0) 0704.0079(1,0) 0704.0080(3,0) 0704.0087(6,0) 0704.0094(3,0) 0704.0096(2,2) 0704.0099(2,2) 0704.0117(1,2) 0704.0119(2,0) 0704.0120(1,0) 0704.0122(1,2) 0704.0128(3,2) 0704.0133(1,2) 0704.0138(2,0) 0704.0139(5,2) 0704.0141(1,2) 
97 4.95583 : 0704.0001(1,2) 
98 4.95583 : 0704.0002(2,1) 
99 4.95583 : 0704.0002(1,1) 
100 4.26268 : 0704.0002(2,1) 0704.0010(1,0) 
101 4.95583 : 0704.0002(2,1) 
102 0.340707 : 0704.0002(2,0) 0704.0004(1,0) 0704.0005(1,0) 0704.0006(2,0) 0704.0007(4,0) 0704.0009(7,0) 0704.0011(3,0) 0704.0012(3,0) 0704.0013(2,0) 0704.0014(1,0) 0704.0016(2,0) 0704.0018(4,0) 0704.0019(1,0) 0704.0020(1,0) 0704.0022(8,0) 0704.0023(1,0) 0704.0025(2,0) 0704.0027(1,0) 0704.0028(2,0) 0704.0029(1,0) 0704.0030(3,0) 0704.0031(2,0) 0704.0032(4,0) 0704.0033(3,0) 0704.0035(3,0) 0704.0036(2,0) 0704.0037(1,0) 0704.0038(3,0) 0704.0039(1,0) 0704.0041(4,0) 0704.0042(2,0) 0704.0043(1,0) 0704.0044(1,0) 0704.0045(1,0) 0704.0048(4,0) 0704.0049(1,0) 0704.0052(3,0) 0704.0053(2,0) 0704.0054(2,0) 0704.0056(2,0) 0704.0057(3,0) 0704.0059(4,0) 0704.0060(1,0) 0704.0061(4,0) 0704.0062(2,0) 0704.0064(2,0) 0704.0065(5,0) 0704.0068(3,0) 0704.0069(3,0) 0704.0072(2,0) 0704.0073(3,0) 0704.0074(2,0) 0704.0075(2,0) 0704.0078(2,0) 0704.0079(1,0) 0704.0080(4,0) 0704.0081(1,0) 0704.0082(4,0) 0704.0084(4,0) 0704.0085(5,0) 0704.0086(2,0) 0704.0091(3,0) 0704.0092(2,0) 0704.0093(2,0) 0704.0094(2,0) 0704.0095(5,0) 0704.0096(1,0) 0704.0097(1,0) 0704.0098(1,0) 0704.0099(3,0) 0704.0101(1,0) 0704.0102(1,0) 0704.0104(3,0) 0704.0105(3,0) 0704.0109(1,0) 0704.0110(1,0) 0704.0111(1,0) 0704.0113(1,0) 0704.0114(5,0) 0704.0115(2,0) 0704.0116(3,0) 0704.0117(4,0) 0704.0118(2,0) 0704.0119(2,0) 0704.0120(2,0) 0704.0121(3,0) 0704.0122(2,0) 0704.0124(1,0) 0704.0125(2,0) 0704.0126(1,0) 0704.0127(1,0) 0704.0128(1,0) 0704.0129(2,0) 0704.0132(3,0) 0704.0133(1,0) 0704.0134(1,0) 0704.0135(2,0) 0704.0138(6,0) 0704.0139(1,0) 0704.0140(1,0) 0704.0142(4,0) 
103 2.7586 : 0704.0002(1,0) 0704.0009(1,0) 0704.0027(1,0) 0704.0037(1,0) 0704.0059(1,0) 0704.0065(1,0) 0704.0083(1,0) 0704.0121(1,0) 0704.0142(1,0) 
104 1.96009 : 0704.0002(3,0) 0704.0010(3,0) 0704.0019(1,0) 0704.0024(1,0) 0704.0033(1,0) 0704.0053(1,0) 0704.0061(2,0) 0704.0065(1,0) 0704.0072(1,0) 0704.0076(1,0) 0704.0077(1,0) 0704.0084(1,0) 0704.0086(1,0) 0704.0088(1,1) 0704.0089(1,0) 0704.0105(1,0) 0704.0109(1,0) 0704.0128(1,0) 0704.0130(2,1) 0704.0136(1,0) 
105 3.56953 : 0704.0002(1,0) 0704.0011(1,0) 0704.0049(4,1) 0704.0062(5,1) 
106 1.77777 : 0704.0002(3,0) 0704.0006(2,2) 0704.0020(6,1) 0704.0023(2,2) 0704.0027(1,2) 0704.0061(1,0) 0704.0068(2,0) 0704.0073(2,0) 0704.0074(1,2) 0704.0079(4,0) 0704.0086(3,0) 0704.0088(1,0) 0704.0111(1,0) 0704.0114(1,2) 0704.0115(3,1) 0704.0117(1,2) 0704.0119(3,2) 0704.0120(1,0) 0704.0122(1,2) 0704.0126(1,0) 0704.0127(2,2) 0704.0128(1,2) 0704.0134(2,2) 0704.0142(1,0) 
107 4.95583 : 0704.0002(3,0) 
108 4.95583 : 0704.0002(3,0) 
109 4.95583 : 0704.0002(3,0) 
110 4.95583 : 0704.0002(2,0) 
111 2.47092 : 0704.0002(1,0) 0704.0020(1,0) 0704.0022(1,0) 0704.0028(1,0) 0704.0045(1,0) 0704.0055(2,0) 0704.0057(1,0) 0704.0058(1,0) 0704.0065(1,0) 0704.0069(1,0) 0704.0097(1,0) 0704.0125(1,0) 
112 3.16407 : 0704.0002(1,0) 0704.0013(1,0) 0704.0041(1,0) 0704.0121(1,0) 0704.0122(1,0) 0704.0125(1,0) 
113 4.26268 : 0704.0002(2,0) 0704.0050(2,0) 
114 3.34639 : 0704.0002(2,0) 0704.0061(1,0) 0704.0065(1,0) 0704.0084(2,1) 0704.0138(1,0) 
115 4.26268 : 0704.0002(3,0) 0704.0098(2,0) 
116 3.85721 : 0704.0002(3,0) 0704.0010(1,0) 0704.0079(1,0) 
117 4.95583 : 0704.0002(1,0) 
118 2.65324 : 0704.0002(1,0) 0704.0008(1,0) 0704.0043(1,0) 0704.0072(2,0) 0704.0082(2,0) 0704.0084(5,1) 0704.0087(1,1) 0704.0103(1,1) 0704.0117(2,0) 0704.0125(1,0) 
119 3.85721 : 0704.0002(1,0) 0704.0050(1,0) 0704.0078(1,0) 
120 3.85721 : 0704.0002(1,0) 0704.0053(1,0) 0704.0091(1,0) 
121 4.95583 : 0704.0002(1,0) 
122 3.16407 : 0704.0002(1,0) 0704.0005(1,0) 0704.0032(1,0) 0704.0053(6,1) 0704.0066(1,0) 0704.0099(1,0) 
123 4.95583 : 0704.0002(1,0) 
124 3.85721 : 0704.0002(1,0) 0704.0009(1,0) 0704.0100(1,0) 
125 4.26268 : 0704.0002(1,0) 0704.0105(2,0) 
126 1.58853 : 0704.0002(1,0) 0704.0007(4,0) 0704.0010(1,0) 0704.0014(1,0) 0704.0037(1,0) 0704.0038(1,0) 0704.0042(3,1) 0704.0045(1,0) 0704.0052(3,1) 0704.0053(2,1) 0704.0055(2,0) 0704.0057(1,0) 0704.0066(2,1) 0704.0077(1,0) 0704.0085(6,0) 0704.0091(2,0) 0704.0095(1,0) 0704.0097(4,1) 0704.0100(1,0) 0704.0101(1,1) 0704.0103(1,0) 0704.0104(1,0) 0704.0112(1,1) 0704.0114(1,0) 0704.0116(1,1) 0704.0121(5,0) 0704.0126(1,0) 0704.0134(1,0) 0704.0140(1,0) 
127 1.9113 : 0704.0002(1,0) 0704.0017(2,0) 0704.0023(2,0) 0704.0047(1,0) 0704.0052(1,0) 0704.0058(1,0) 0704.0067(1,0) 0704.0069(2,0) 0704.0070(2,0) 0704.0086(1,0) 0704.0091(1,0) 0704.0093(1,0) 0704.0095(1,0) 0704.0099(2,0) 0704.0109(2,0) 0704.0117(1,0) 0704.0119(1,0) 0704.0126(1,0) 0704.0128(1,0) 0704.0134(1,0) 0704.0138(4,0) 
128 4.95583 : 0704.0002(1,0) 
129 4.26268 : 0704.0002(1,0) 0704.0048(1,0) 
130 3.85721 : 0704.0002(1,0) 0704.0007(1,0) 0704.0032(1,0) 
131 2.87639 : 0704.0002(1,0) 0704.0007(1,0) 0704.0016(1,0) 0704.0025(1,0) 0704.0038(2,1) 0704.0045(1,0) 0704.0097(1,0) 0704.0137(2,0) 
132 3.34639 : 0704.0002(1,0) 0704.0003(1,0) 0704.0007(1,0) 0704.0075(1,0) 0704.0101(1,0) 
133 2.18324 : 0704.0002(1,0) 0704.0007(1,0) 0704.0009(1,0) 0704.0010(1,0) 0704.0036(1,0) 0704.0045(1,0) 0704.0061(1,0) 0704.0064(1,0) 0704.0066(1,0) 0704.0078(1,0) 0704.0080(1,0) 0704.0082(1,0) 0704.0085(1,0) 0704.0092(1,0) 0704.0095(1,0) 0704.0105(1,0) 
134 1.65999 : 0704.0002(2,0) 0704.0009(5,0) 0704.0012(1,0) 0704.0016(1,0) 0704.0022(2,0) 0704.0039(2,0) 0704.0048(2,0) 0704.0053(2,0) 0704.0059(4,0) 0704.0062(1,0) 0704.0064(1,0) 0704.0069(1,0) 0704.0073(1,0) 0704.0077(2,0) 0704.0080(2,0) 0704.0085(2,0) 0704.0086(1,0) 0704.0087(1,0) 0704.0094(1,0) 0704.0097(1,0) 0704.0114(2,0) 0704.0117(1,0) 0704.0128(1,0) 0704.0135(1,0) 0704.0137(1,0) 0704.0138(1,0) 0704.0140(2,0) 
135 4.95583 : 0704.0002(1,0) 
136 4.95583 : 0704.0002(1,0) 
137 3.85721 : 0704.0002(1,0) 0704.0068(1,0) 0704.0121(1,0) 
138 4.26268 : 0704.0002(1,0) 0704.0099(1,0) 
139 3.16407 : 0704.0002(2,0) 0704.0008(1,0) 0704.0009(1,0) 0704.0067(1,0) 0704.0082(1,0) 0704.0123(1,0) 
140 1.42947 : 0704.0002(1,0) 0704.0006(1,0) 0704.0008(1,0) 0704.0009(2,0) 0704.0010(1,0) 0704.0016(1,0) 0704.0017(1,0) 0704.0018(1,0) 0704.0020(1,0) 0704.0023(1,0) 0704.0025(1,0) 0704.0030(1,0) 0704.0037(1,0) 0704.0039(1,0) 0704.0040(1,0) 0704.0045(1,0) 0704.0053(2,0) 0704.0059(1,0) 0704.0063(1,0) 0704.0064(1,0) 0704.0068(1,0) 0704.0082(1,0) 0704.0085(1,0) 0704.0088(1,0) 0704.0091(1,0) 0704.0094(1,0) 0704.0095(1,0) 0704.0098(2,0) 0704.0099(1,0) 0704.0109(1,0) 0704.0128(1,0) 0704.0136(1,0) 0704.0137(1,0) 0704.0142(1,0) 
141 4.26268 : 0704.0002(1,0) 0704.0093(2,2) 
142 4.95583 : 0704.0002(2,2) 
143 2.24778 : 0704.0002(1,0) 0704.0006(1,0) 0704.0011(1,0) 0704.0018(1,0) 0704.0019(1,0) 0704.0029(1,0) 0704.0041(1,0) 0704.0061(1,0) 0704.0063(1,0) 0704.0065(1,0) 0704.0069(1,0) 0704.0073(1,0) 0704.0086(1,0) 0704.0095(1,0) 0704.0111(1,0) 
144 3.00992 : 0704.0002(1,0) 0704.0004(1,0) 0704.0013(1,0) 0704.0046(1,0) 0704.0073(1,0) 0704.0086(1,0) 0704.0111(1,0) 
145 4.95583 : 0704.0002(1,0) 
146 4.95583 : 0704.0002(1,0) 
147 4.95583 : 0704.0002(1,0) 
148 4.95583 : 0704.0002(1,0) 
149 1.45932 : 0704.0002(2,0) 0704.0003(1,0) 0704.0006(1,0) 0704.0009(1,0) 0704.0012(1,0) 0704.0013(1,0) 0704.0016(1,0) 0704.0020(1,0) 0704.0022(1,0) 0704.0023(1,0) 0704.0035(1,0) 0704.0041(1,0) 0704.0045(1,0) 0704.0048(1,0) 0704.0055(1,0) 0704.0056(1,0) 0704.0061(1,0) 0704.0062(1,0) 0704.0065(1,0) 0704.0067(1,0) 0704.0082(1,0) 0704.0085(2,0) 0704.0095(2,0) 0704.0099(1,0) 0704.0105(1,0) 0704.0106(2,0) 0704.0109(2,0) 0704.0120(1,0) 0704.0121(1,0) 0704.0123(1,0) 0704.0127(1,0) 0704.0134(2,0) 0704.0138(2,0) 
150 1.73695 : 0704.0002(1,0) 0704.0009(2,0) 0704.0011(1,0) 0704.0017(1,0) 0704.0020(1,0) 0704.0022(2,0) 0704.0025(2,0) 0704.0038(1,0) 0704.0039(2,0) 0704.0044(1,0) 0704.0049(1,0) 0704.0053(1,0) 0704.0058(1,0) 0704.0064(1,0) 0704.0067(1,0) 0704.0068(1,0) 0704.0072(1,0) 0704.0078(1,0) 0704.0089(1,0) 0704.0091(1,0) 0704.0094(1,0) 0704.0096(1,0) 0704.0098(1,0) 0704.0109(1,0) 0704.0117(1,0) 
151 3.85721 : 0704.0002(1,0) 0704.0054(1,0) 0704.0072(3,1) 
152 4.95583 : 0704.0002(1,0) 
153 1.73695 : 0704.0002(1,0) 0704.0003(1,1) 0704.0013(1,0) 0704.0014(1,0) 0704.0019(1,1) 0704.0021(1,0) 0704.0022(1,0) 0704.0035(1,0) 0704.0038(1,0) 0704.0043(2,0) 0704.0047(1,0) 0704.0048(1,0) 0704.0067(1,0) 0704.0072(1,0) 0704.0082(1,0) 0704.0086(1,0) 0704.0089(1,0) 0704.0097(1,0) 0704.0098(1,1) 0704.0105(1,0) 0704.0127(1,0) 0704.0131(1,0) 0704.0137(1,0) 0704.0138(2,0) 0704.0139(1,0) 
154 3.00992 : 0704.0002(1,0) 0704.0008(1,0) 0704.0016(1,0) 0704.0043(1,0) 0704.0067(1,0) 0704.0099(1,0) 0704.0138(1,0) 
155 4.95583 : 0704.0002(1,0) 
156 4.95583 : 0704.0002(1,0) 
157 1.82033 : 0704.0002(1,0) 0704.0007(1,0) 0704.0008(1,0) 0704.0009(1,0) 0704.0014(1,0) 0704.0023(2,0) 0704.0039(1,0) 0704.0042(1,0) 0704.0043(1,0) 0704.0044(1,0) 0704.0053(1,0) 0704.0061(1,0) 0704.0074(2,0) 0704.0080(1,0) 0704.0087(2,1) 0704.0089(1,0) 0704.0099(1,0) 0704.0117(1,0) 0704.0118(1,0) 0704.0126(1,0) 0704.0129(1,0) 0704.0132(2,0) 0704.0141(1,0) 
158 4.26268 : 0704.0002(2,0) 0704.0090(1,0) 
159 0.707332 : 0704.0002(1,0) 0704.0003(2,0) 0704.0006(3,0) 0704.0009(4,0) 0704.0010(2,0) 0704.0016(3,0) 0704.0019(1,0) 0704.0020(1,0) 0704.0022(3,0) 0704.0023(2,0) 0704.0024(2,0) 0704.0025(2,1) 0704.0026(1,0) 0704.0027(1,0) 0704.0029(1,0) 0704.0031(1,0) 0704.0033(1,0) 0704.0036(1,0) 0704.0037(3,1) 0704.0038(1,0) 0704.0039(2,0) 0704.0040(2,0) 0704.0041(3,0) 0704.0042(1,0) 0704.0044(3,0) 0704.0045(1,0) 0704.0047(3,0) 0704.0048(1,0) 0704.0050(2,0) 0704.0052(1,0) 0704.0053(1,0) 0704.0055(3,0) 0704.0064(1,0) 0704.0065(5,0) 0704.0067(1,0) 0704.0072(1,0) 0704.0074(2,0) 0704.0078(1,0) 0704.0080(3,1) 0704.0083(2,0) 0704.0084(1,0) 0704.0086(2,0) 0704.0088(1,0) 0704.0089(5,0) 0704.0094(2,0) 0704.0096(3,0) 0704.0099(2,0) 0704.0102(1,0) 0704.0105(1,0) 0704.0106(4,0) 0704.0107(3,0) 0704.0109(1,0) 0704.0112(1,0) 0704.0113(3,0) 0704.0114(1,0) 0704.0115(1,0) 0704.0116(1,0) 0704.0118(4,1) 0704.0119(2,0) 0704.0120(1,0) 0704.0121(2,0) 0704.0122(1,0) 0704.0126(1,0) 0704.0127(1,0) 0704.0134(1,0) 0704.0136(1,0) 0704.0138(2,0) 0704.0139(3,0) 0704.0140(1,0) 0704.0142(1,0) 
160 4.95583 : 0704.0002(2,0) 
161 4.95583 : 0704.0002(1,0) 
162 4.95583 : 0704.0002(1,0) 
163 4.95583 : 0704.0002(2,2) 
164 4.95583 : 0704.0002(2,2) 
165 4.95583 : 0704.0002(1,2) 
166 3.00992 : 0704.0003(4,1) 0704.0024(1,0) 0704.0045(3,1) 0704.0058(1,0) 0704.0070(1,0) 0704.0100(2,0) 0704.0134(2,0) 
167 4.26268 : 0704.0003(7,1) 0704.0032(1,0) 
168 4.95583 : 0704.0003(7,1) 
169 2.01139 : 0704.0003(6,1) 0704.0017(1,0) 0704.0021(1,0) 0704.0042(2,1) 0704.0043(1,0) 0704.0045(1,0) 0704.0046(1,0) 0704.0056(1,0) 0704.0057(1,0) 0704.0059(1,0) 0704.0069(1,0) 0704.0072(1,0) 0704.0080(1,0) 0704.0086(1,0) 0704.0096(2,0) 0704.0098(1,0) 0704.0114(1,0) 0704.0117(2,1) 0704.0125(1,0) 
170 3.34639 : 0704.0003(3,1) 0704.0077(3,1) 0704.0082(1,0) 0704.0083(1,0) 0704.0094(2,0) 
171 3.34639 : 0704.0003(3,1) 0704.0032(1,0) 0704.0058(1,0) 0704.0082(2,1) 0704.0094(2,0) 
172 1.82033 : 0704.0003(4,1) 0704.0009(1,0) 0704.0011(1,0) 0704.0017(1,0) 0704.0021(1,0) 0704.0027(1,0) 0704.0038(1,0) 0704.0043(1,0) 0704.0044(2,0) 0704.0052(3,1) 0704.0057(4,0) 0704.0066(1,1) 0704.0070(1,0) 0704.0085(7,0) 0704.0097(2,1) 0704.0114(1,0) 0704.0116(1,0) 0704.0119(2,1) 0704.0126(3,0) 0704.0136(2,0) 0704.0138(1,0) 0704.0139(1,0) 0704.0140(1,0) 
173 3.85721 : 0704.0003(3,1) 0704.0044(2,1) 0704.0134(5,1) 
174 1.65999 : 0704.0003(5,1) 0704.0007(1,0) 0704.0016(2,0) 0704.0017(2,0) 0704.0020(1,0) 0704.0023(2,0) 0704.0025(1,0) 0704.0029(2,1) 0704.0046(1,0) 0704.0056(2,0) 0704.0057(1,0) 0704.0063(1,0) 0704.0067(1,0) 0704.0075(1,0) 0704.0076(1,0) 0704.0080(1,0) 0704.0082(1,0) 0704.0086(2,1) 0704.0089(1,0) 0704.0094(3,0) 0704.0101(1,0) 0704.0107(1,0) 0704.0114(1,0) 0704.0117(1,0) 0704.0122(1,0) 0704.0131(4,0) 0704.0142(2,1) 
175 2.7586 : 0704.0003(2,0) 0704.0006(1,0) 0704.0041(1,0) 0704.0047(1,0) 0704.0051(1,0) 0704.0070(1,0) 0704.0107(1,0) 0704.0121(1,0) 0704.0140(1,0) 
176 3.56953 : 0704.0003(1,0) 0704.0089(1,0) 0704.0092(1,0) 0704.0135(1,0) 
177 4.95583 : 0704.0003(1,0) 
178 4.26268 : 0704.0003(1,0) 0704.0098(1,0) 
179 2.7586 : 0704.0003(1,0) 0704.0006(2,0) 0704.0007(1,0) 0704.0044(1,0) 0704.0063(1,0) 0704.0086(2,0) 0704.0094(1,0) 0704.0131(1,0) 0704.0141(2,0) 
180 4.95583 : 0704.0003(1,0) 
181 2.55793 : 0704.0003(1,0) 0704.0043(1,0) 0704.0044(1,0) 0704.0083(1,0) 0704.0089(3,1) 0704.0103(1,0) 0704.0107(2,1) 0704.0119(1,0) 0704.0123(1,0) 0704.0135(1,0) 0704.0140(1,0) 
182 4.95583 : 0704.0003(1,0) 
183 2.7586 : 0704.0003(1,0) 0704.0037(1,0) 0704.0069(1,0) 0704.0070(2,1) 0704.0076(1,0) 0704.0113(1,0) 0704.0126(2,0) 0704.0132(4,0) 0704.0136(1,0) 
184 2.7586 : 0704.0003(1,0) 0704.0024(1,0) 0704.0030(1,0) 0704.0054(1,0) 0704.0086(2,0) 0704.0092(1,0) 0704.0126(1,0) 0704.0127(1,0) 0704.0138(3,0) 
185 4.26268 : 0704.0003(2,0) 0704.0127(1,0) 
186 0.665368 : 0704.0003(3,0) 0704.0005(2,0) 0704.0007(2,0) 0704.0009(1,0) 0704.0011(1,0) 0704.0012(2,0) 0704.0013(1,0) 0704.0014(1,0) 0704.0015(1,0) 0704.0016(2,0) 0704.0017(1,0) 0704.0018(2,0) 0704.0019(1,0) 0704.0023(1,0) 0704.0027(2,0) 0704.0028(1,0) 0704.0029(1,0) 0704.0031(2,0) 0704.0032(1,0) 0704.0034(1,0) 0704.0035(2,0) 0704.0036(3,0) 0704.0037(2,0) 0704.0039(2,0) 0704.0040(1,0) 0704.0041(1,0) 0704.0045(4,0) 0704.0046(1,0) 0704.0047(2,0) 0704.0050(1,0) 0704.0051(1,0) 0704.0054(1,0) 0704.0055(1,0) 0704.0056(1,0) 0704.0059(1,0) 0704.0061(3,0) 0704.0062(1,0) 0704.0063(1,0) 0704.0065(1,0) 0704.0066(1,0) 0704.0068(1,0) 0704.0069(3,0) 0704.0072(2,0) 0704.0074(1,0) 0704.0077(1,0) 0704.0078(1,0) 0704.0080(3,0) 0704.0083(2,0) 0704.0085(3,0) 0704.0087(1,0) 0704.0088(1,0) 0704.0089(1,0) 0704.0095(1,0) 0704.0096(1,0) 0704.0097(1,0) 0704.0099(4,0) 0704.0101(1,0) 0704.0104(2,0) 0704.0114(1,0) 0704.0118(1,0) 0704.0120(1,0) 0704.0121(1,0) 0704.0123(1,0) 0704.0125(1,0) 0704.0126(1,0) 0704.0129(2,0) 0704.0131(1,0) 0704.0132(1,0) 0704.0135(2,0) 0704.0137(1,0) 0704.0138(2,0) 0704.0139(1,0) 0704.0140(1,0) 
187 2.39088 : 0704.0003(1,0) 0704.0009(2,0) 0704.0023(1,0) 0704.0031(1,0) 0704.0032(1,0) 0704.0037(1,0) 0704.0058(1,0) 0704.0059(1,0) 0704.0063(2,0) 0704.0099(1,0) 0704.0121(1,0) 0704.0138(4,0) 0704.0139(1,0) 
188 2.12261 : 0704.0003(1,0) 0704.0008(2,1) 0704.0036(1,0) 0704.0038(2,0) 0704.0042(2,1) 0704.0043(1,0) 0704.0045(1,0) 0704.0047(2,0) 0704.0053(1,0) 0704.0065(1,0) 0704.0066(1,0) 0704.0072(1,0) 0704.0077(1,0) 0704.0089(2,1) 0704.0094(1,0) 0704.0099(1,0) 0704.0135(1,0) 
189 3.85721 : 0704.0003(1,0) 0704.0021(1,0) 0704.0075(1,0) 
190 4.95583 : 0704.0003(1,0) 
191 4.95583 : 0704.0003(1,0) 
192 4.26268 : 0704.0003(1,0) 0704.0017(2,0) 
193 4.95583 : 0704.0003(1,0) 
194 3.34639 : 0704.0003(1,0) 0704.0009(1,0) 0704.0017(1,0) 0704.0080(1,0) 0704.0089(1,0) 
195 2.39088 : 0704.0003(1,0) 0704.0008(1,0) 0704.0009(1,0) 0704.0017(2,0) 0704.0024(3,0) 0704.0035(2,0) 0704.0044(1,0) 0704.0047(1,0) 0704.0065(2,0) 0704.0070(1,0) 0704.0126(1,0) 0704.0135(1,0) 0704.0138(2,0) 
196 2.65324 : 0704.0003(2,0) 0704.0067(2,0) 0704.0068(1,1) 0704.0078(1,0) 0704.0080(1,0) 0704.0083(1,0) 0704.0095(1,0) 0704.0096(1,1) 0704.0111(1,0) 0704.0118(1,0) 
197 3.85721 : 0704.0003(1,0) 0704.0017(3,0) 0704.0094(4,0) 
198 4.26268 : 0704.0003(1,0) 0704.0127(1,0) 
199 4.95583 : 0704.0003(1,0) 
200 3.16407 : 0704.0003(1,0) 0704.0017(1,0) 0704.0023(1,0) 0704.0036(1,0) 0704.0113(1,0) 0704.0133(2,0) 
201 3.16407 : 0704.0003(1,0) 0704.0063(1,0) 0704.0094(1,0) 0704.0114(1,0) 0704.0118(1,0) 0704.0139(1,0) 
202 4.26268 : 0704.0003(1,0) 0704.0017(2,0) 
203 1.14916 : 0704.0003(4,0) 0704.0009(7,0) 0704.0010(2,0) 0704.0012(2,0) 0704.0014(1,0) 0704.0017(4,2) 0704.0021(1,2) 0704.0023(2,2) 0704.0025(2,2) 0704.0026(2,0) 0704.0028(1,0) 0704.0032(1,2) 0704.0039(7,0) 0704.0044(1,2) 0704.0053(6,2) 0704.0059(2,0) 0704.0062(1,2) 0704.0068(1,0) 0704.0071(1,2) 0704.0072(3,0) 0704.0073(3,1) 0704.0074(1,2) 0704.0075(1,0) 0704.0077(1,0) 0704.0080(1,2) 0704.0081(1,0) 0704.0087(1,0) 0704.0091(1,0) 0704.0093(2,2) 0704.0094(4,0) 0704.0095(2,0) 0704.0099(1,1) 0704.0100(3,0) 0704.0106(2,0) 0704.0112(2,0) 0704.0114(1,0) 0704.0119(1,2) 0704.0128(1,0) 0704.0132(3,2) 0704.0133(3,2) 0704.0137(1,2) 0704.0138(1,0) 0704.0139(1,2) 0704.0140(2,0) 0704.0141(1,2) 
204 2.55793 : 0704.0003(1,0) 0704.0007(3,1) 0704.0009(1,0) 0704.0013(2,1) 0704.0016(1,0) 0704.0040(1,0) 0704.0046(2,1) 0704.0086(1,0) 0704.0098(1,0) 0704.0117(1,0) 0704.0122(1,0) 
205 2.12261 : 0704.0003(1,0) 0704.0005(1,0) 0704.0012(1,0) 0704.0013(1,0) 0704.0017(1,0) 0704.0021(1,0) 0704.0059(1,0) 0704.0061(1,0) 0704.0065(1,0) 0704.0067(1,0) 0704.0069(1,0) 0704.0082(1,0) 0704.0086(1,0) 0704.0087(1,0) 0704.0135(2,0) 0704.0138(2,0) 0704.0140(1,0) 
206 3.56953 : 0704.0003(1,0) 0704.0023(1,0) 0704.0062(1,0) 0704.0083(1,0) 
207 3.85721 : 0704.0003(1,0) 0704.0080(1,0) 0704.0139(1,0) 
208 4.26268 : 0704.0003(1,0) 0704.0045(4,1) 
209 2.7586 : 0704.0003(1,0) 0704.0009(1,0) 0704.0032(1,0) 0704.0069(1,0) 0704.0084(1,0) 0704.0109(1,0) 0704.0126(1,0) 0704.0135(1,0) 0704.0136(1,0) 
210 1.86478 : 0704.0003(1,0) 0704.0012(1,0) 0704.0026(1,0) 0704.0039(1,0) 0704.0043(1,0) 0704.0045(1,0) 0704.0065(1,0) 0704.0066(1,0) 0704.0069(2,0) 0704.0074(1,0) 0704.0080(3,0) 0704.0093(1,0) 0704.0094(1,0) 0704.0106(1,0) 0704.0109(1,0) 0704.0110(1,0) 0704.0111(1,0) 0704.0112(1,0) 0704.0126(1,0) 0704.0127(1,0) 0704.0134(1,0) 0704.0138(1,0) 
211 4.26268 : 0704.0003(1,0) 0704.0059(3,0) 
212 4.95583 : 0704.0003(1,0) 
213 3.85721 : 0704.0003(1,0) 0704.0020(1,0) 0704.0089(1,0) 
214 2.7586 : 0704.0003(1,0) 0704.0026(1,0) 0704.0028(1,0) 0704.0053(1,0) 0704.0059(1,0) 0704.0083(2,0) 0704.0084(1,0) 0704.0112(1,0) 0704.0142(1,0) 
215 2.87639 : 0704.0003(1,0) 0704.0026(1,0) 0704.0029(1,0) 0704.0044(1,0) 0704.0059(1,0) 0704.0082(1,0) 0704.0089(1,0) 0704.0112(1,0) 
216 2.31677 : 0704.0003(2,0) 0704.0009(2,0) 0704.0031(2,0) 0704.0037(3,0) 0704.0064(1,0) 0704.0093(1,2) 0704.0094(3,0) 0704.0100(1,0) 0704.0104(4,0) 0704.0118(1,0) 0704.0120(1,0) 0704.0121(3,0) 0704.0128(1,0) 0704.0131(1,2) 
217 4.26268 : 0704.0003(1,0) 0704.0136(1,0) 
218 4.26268 : 0704.0003(1,0) 0704.0078(1,2) 
219 3.85721 : 0704.0003(1,0) 0704.0017(1,0) 0704.0059(1,0) 
220 4.95583 : 0704.0003(1,0) 
221 3.85721 : 0704.0003(1,0) 0704.0137(3,1) 0704.0138(1,0) 
222 3.85721 : 0704.0003(1,0) 0704.0058(1,0) 0704.0083(1,0) 
223 3.56953 : 0704.0003(1,0) 0704.0069(1,0) 0704.0120(1,0) 0704.0133(1,0) 
224 4.95583 : 0704.0003(1,0) 
225 4.95583 : 0704.0003(2,2) 
226 4.95583 : 0704.0003(2,2) 
227 4.95583 : 0704.0004(3,1) 
228 4.95583 : 0704.0004(2,1) 
229 4.26268 : 0704.0004(2,1) 0704.0036(3,1) 
230 3.16407 : 0704.0004(2,1) 0704.0026(1,0) 0704.0043(1,0) 0704.0046(1,0) 0704.0075(1,0) 0704.0112(1,0) 
231 4.95583 : 0704.0004(2,1) 
232 4.95583 : 0704.0004(2,1) 
233 4.95583 : 0704.0004(2,1) 
234 2.18324 : 0704.0004(2,1) 0704.0036(1,0) 0704.0037(1,0) 0704.0048(1,0) 0704.0049(1,0) 0704.0057(1,0) 0704.0059(4,1) 0704.0079(1,0) 0704.0113(2,1) 0704.0117(1,0) 0704.0118(3,1) 0704.0119(2,1) 0704.0127(2,0) 0704.0129(1,0) 0704.0135(3,1) 0704.0142(1,0) 
235 2.7586 : 0704.0004(2,1) 0704.0009(1,0) 0704.0039(1,0) 0704.0047(2,0) 0704.0048(1,0) 0704.0050(2,0) 0704.0128(1,0) 0704.0132(1,0) 0704.0136(2,0) 
236 4.95583 : 0704.0004(3,1) 
237 1.55463 : 0704.0004(1,0) 0704.0005(1,0) 0704.0007(1,0) 0704.0018(1,0) 0704.0021(1,0) 0704.0022(1,0) 0704.0024(1,0) 0704.0030(1,0) 0704.0031(1,0) 0704.0036(1,0) 0704.0037(1,0) 0704.0039(1,0) 0704.0042(1,0) 0704.0052(1,0) 0704.0058(2,0) 0704.0061(1,0) 0704.0069(1,0) 0704.0080(1,0) 0704.0084(1,0) 0704.0093(1,0) 0704.0095(2,0) 0704.0102(1,0) 0704.0105(1,0) 0704.0109(1,0) 0704.0114(1,0) 0704.0126(1,0) 0704.0129(1,0) 0704.0135(1,0) 0704.0136(1,0) 0704.0142(1,0) 
238 4.95583 : 0704.0004(1,0) 
239 4.95583 : 0704.0004(1,0) 
240 1.55463 : 0704.0004(1,0) 0704.0008(1,0) 0704.0009(1,0) 0704.0010(2,0) 0704.0015(1,0) 0704.0017(2,0) 0704.0020(1,0) 0704.0022(1,0) 0704.0043(1,0) 0704.0044(1,0) 0704.0045(1,0) 0704.0050(1,0) 0704.0051(1,0) 0704.0053(1,0) 0704.0054(1,0) 0704.0058(1,0) 0704.0065(1,0) 0704.0066(1,0) 0704.0067(1,0) 0704.0068(1,0) 0704.0079(1,0) 0704.0083(1,0) 0704.0084(1,0) 0704.0091(1,0) 0704.0093(1,0) 0704.0094(1,0) 0704.0099(1,0) 0704.0130(1,0) 0704.0138(1,0) 0704.0139(1,0) 
241 2.31677 : 0704.0004(1,0) 0704.0012(1,0) 0704.0013(1,0) 0704.0041(1,0) 0704.0045(1,0) 0704.0046(1,0) 0704.0061(1,0) 0704.0093(1,0) 0704.0099(1,0) 0704.0100(1,0) 0704.0102(1,0) 0704.0105(1,0) 0704.0129(1,0) 0704.0130(1,0) 
242 4.95583 : 0704.0004(1,0) 
243 2.7586 : 0704.0004(1,0) 0704.0010(1,0) 0704.0027(2,0) 0704.0031(1,0) 0704.0043(2,1) 0704.0092(1,1) 0704.0093(1,0) 0704.0114(2,0) 0704.0118(1,0) 
244 3.85721 : 0704.0004(1,0) 0704.0008(1,0) 0704.0047(1,0) 
245 4.95583 : 0704.0004(1,0) 
246 4.95583 : 0704.0004(1,0) 
247 4.95583 : 0704.0004(1,0) 
248 3.85721 : 0704.0004(1,0) 0704.0015(1,0) 0704.0016(1,0) 
249 3.85721 : 0704.0004(2,2) 0704.0017(1,2) 0704.0098(1,2) 
250 4.95583 : 0704.0004(2,2) 
251 4.95583 : 0704.0005(3,1) 
252 3.85721 : 0704.0005(3,1) 0704.0012(1,0) 0704.0142(4,0) 
253 3.85721 : 0704.0005(4,1) 0704.0074(2,0) 0704.0106(2,0) 
254 1.62362 : 0704.0005(1,0) 0704.0007(1,0) 0704.0010(2,0) 0704.0011(1,0) 0704.0012(1,0) 0704.0013(1,0) 0704.0015(1,0) 0704.0029(1,0) 0704.0034(1,0) 0704.0036(1,0) 0704.0040(1,0) 0704.0045(1,0) 0704.0046(1,0) 0704.0050(1,0) 0704.0053(1,0) 0704.0054(1,0) 0704.0062(1,0) 0704.0069(1,0) 0704.0072(1,0) 0704.0074(1,0) 0704.0085(1,0) 0704.0087(1,0) 0704.0099(1,0) 0704.0104(1,0) 0704.0120(1,0) 0704.0129(1,0) 0704.0131(1,0) 0704.0136(1,0) 
255 3.16407 : 0704.0005(1,0) 0704.0018(1,0) 0704.0036(1,0) 0704.0042(1,0) 0704.0077(1,0) 0704.0135(1,0) 
256 3.85721 : 0704.0005(1,0) 0704.0018(1,0) 0704.0092(1,0) 
257 3.85721 : 0704.0005(1,0) 0704.0028(1,0) 0704.0099(1,0) 
258 3.34639 : 0704.0005(1,0) 0704.0006(1,0) 0704.0063(3,1) 0704.0099(3,0) 0704.0119(4,1) 
259 1.58853 : 0704.0005(1,0) 0704.0011(1,0) 0704.0012(1,0) 0704.0013(1,0) 0704.0018(1,0) 0704.0019(1,0) 0704.0020(1,0) 0704.0022(1,0) 0704.0024(1,0) 0704.0030(1,0) 0704.0035(1,0) 0704.0039(1,0) 0704.0042(1,0) 0704.0045(1,0) 0704.0048(1,1) 0704.0065(1,0) 0704.0067(1,0) 0704.0069(1,0) 0704.0075(1,0) 0704.0085(2,0) 0704.0094(1,0) 0704.0098(1,0) 0704.0107(1,0) 0704.0116(1,0) 0704.0120(1,0) 0704.0127(1,0) 0704.0137(1,0) 0704.0138(2,0) 0704.0140(1,0) 
260 3.85721 : 0704.0005(1,0) 0704.0043(1,0) 0704.0048(1,0) 
261 4.26268 : 0704.0005(1,0) 0704.0058(1,0) 
262 3.00992 : 0704.0005(1,0) 0704.0007(2,0) 0704.0041(1,0) 0704.0051(1,0) 0704.0055(2,0) 0704.0104(1,0) 0704.0108(1,0) 
263 4.26268 : 0704.0005(1,0) 0704.0054(2,1) 
264 3.16407 : 0704.0005(1,0) 0704.0053(1,0) 0704.0054(3,1) 0704.0061(1,0) 0704.0087(2,1) 0704.0112(1,1) 
265 2.31677 : 0704.0005(1,0) 0704.0006(1,2) 0704.0017(1,2) 0704.0045(1,2) 0704.0053(3,2) 0704.0054(2,1) 0704.0067(1,2) 0704.0080(7,0) 0704.0087(9,0) 0704.0114(1,2) 0704.0119(3,0) 0704.0126(1,0) 0704.0132(1,2) 0704.0133(2,2) 
266 1.9113 : 0704.0005(1,0) 0704.0028(1,0) 0704.0032(1,2) 0704.0039(4,0) 0704.0040(1,0) 0704.0043(1,2) 0704.0045(1,2) 0704.0053(1,0) 0704.0054(2,1) 0704.0059(5,2) 0704.0062(2,2) 0704.0064(1,2) 0704.0080(3,0) 0704.0081(2,0) 0704.0097(1,0) 0704.0099(2,2) 0704.0119(1,2) 0704.0120(1,0) 0704.0128(1,2) 0704.0133(1,2) 0704.0139(2,2) 
267 1.62362 : 0704.0005(1,0) 0704.0012(4,0) 0704.0013(2,0) 0704.0025(1,2) 0704.0026(3,0) 0704.0027(1,2) 0704.0030(1,2) 0704.0036(7,0) 0704.0043(1,2) 0704.0054(2,1) 0704.0062(2,0) 0704.0072(1,2) 0704.0078(1,0) 0704.0079(1,0) 0704.0081(1,2) 0704.0086(6,0) 0704.0087(7,0) 0704.0088(1,2) 0704.0091(2,0) 0704.0100(4,0) 0704.0112(3,0) 0704.0114(2,2) 0704.0118(1,2) 0704.0119(1,0) 0704.0121(10,0) 0704.0123(2,2) 0704.0128(2,2) 0704.0131(1,0) 
268 2.47092 : 0704.0005(1,0) 0704.0051(1,0) 0704.0069(1,0) 0704.0079(1,0) 0704.0083(1,0) 0704.0100(1,0) 0704.0104(1,0) 0704.0105(1,0) 0704.0107(1,0) 0704.0114(1,0) 0704.0126(1,0) 0704.0132(1,0) 
269 3.56953 : 0704.0005(1,0) 0704.0006(3,0) 0704.0055(1,0) 0704.0109(2,0) 
270 3.85721 : 0704.0005(2,2) 0704.0048(1,2) 0704.0054(2,2) 
271 4.26268 : 0704.0005(2,2) 0704.0054(2,2) 
272 4.26268 : 0704.0005(1,2) 0704.0054(1,2) 
273 4.26268 : 0704.0005(1,2) 0704.0054(1,2) 
274 4.26268 : 0704.0005(1,2) 0704.0054(1,2) 
275 3.85721 : 0704.0006(3,1) 0704.0085(2,0) 0704.0101(1,0) 
276 4.26268 : 0704.0006(2,1) 0704.0111(1,0) 
277 3.85721 : 0704.0006(1,1) 0704.0054(1,0) 0704.0067(1,0) 
278 4.95583 : 0704.0006(3,1) 
279 4.95583 : 0704.0006(1,1) 
280 4.26268 : 0704.0006(2,1) 0704.0027(3,1) 
281 1.69773 : 0704.0006(1,0) 0704.0012(1,0) 0704.0029(1,0) 0704.0032(1,0) 0704.0036(1,0) 0704.0045(1,0) 0704.0052(1,0) 0704.0055(1,1) 0704.0056(1,0) 0704.0057(1,0) 0704.0059(1,0) 0704.0061(1,0) 0704.0063(1,0) 0704.0067(2,0) 0704.0075(1,0) 0704.0078(1,0) 0704.0085(1,0) 0704.0092(1,0) 0704.0095(1,0) 0704.0104(1,0) 0704.0111(1,1) 0704.0114(1,0) 0704.0115(1,0) 0704.0132(1,0) 0704.0136(1,0) 0704.0139(1,0) 
282 1.58853 : 0704.0006(2,0) 0704.0007(1,0) 0704.0009(2,0) 0704.0015(2,0) 0704.0022(1,0) 0704.0035(1,0) 0704.0043(1,0) 0704.0044(2,0) 0704.0047(1,0) 0704.0050(2,0) 0704.0057(2,0) 0704.0062(1,0) 0704.0067(2,0) 0704.0068(1,0) 0704.0070(3,1) 0704.0080(1,0) 0704.0082(2,0) 0704.0085(1,0) 0704.0091(1,0) 0704.0094(1,0) 0704.0096(1,0) 0704.0099(1,0) 0704.0104(1,0) 0704.0117(1,0) 0704.0119(1,0) 0704.0125(1,0) 0704.0126(1,0) 0704.0132(2,1) 0704.0140(3,1) 
283 2.47092 : 0704.0006(3,0) 0704.0021(2,0) 0704.0024(2,0) 0704.0029(1,0) 0704.0039(2,0) 0704.0044(2,0) 0704.0045(5,0) 0704.0075(3,0) 0704.0082(2,1) 0704.0085(4,0) 0704.0117(2,1) 0704.0142(1,0) 
284 2.24778 : 0704.0006(3,0) 0704.0009(2,0) 0704.0018(1,0) 0704.0025(2,0) 0704.0030(3,0) 0704.0040(2,1) 0704.0057(1,0) 0704.0068(1,0) 0704.0080(4,1) 0704.0087(1,0) 0704.0089(3,0) 0704.0092(1,0) 0704.0099(1,0) 0704.0107(2,0) 0704.0134(1,0) 
285 4.95583 : 0704.0006(2,0) 
286 3.85721 : 0704.0006(1,0) 0704.0058(1,0) 0704.0109(1,0) 
287 3.16407 : 0704.0006(2,0) 0704.0023(1,0) 0704.0084(5,0) 0704.0086(3,1) 0704.0094(6,0) 0704.0133(1,0) 
288 4.95583 : 0704.0006(1,0) 
289 2.87639 : 0704.0006(1,0) 0704.0024(1,0) 0704.0031(1,0) 0704.0044(1,0) 0704.0117(1,1) 0704.0122(2,0) 0704.0132(1,0) 0704.0136(1,0) 
290 4.26268 : 0704.0006(1,0) 0704.0032(1,0) 
291 4.95583 : 0704.0006(1,0) 
292 4.95583 : 0704.0006(1,0) 
293 3.56953 : 0704.0006(4,0) 0704.0064(1,0) 0704.0131(1,0) 0704.0142(1,0) 
294 4.95583 : 0704.0006(2,0) 
295 2.18324 : 0704.0006(1,0) 0704.0007(2,1) 0704.0023(1,0) 0704.0027(1,0) 0704.0038(1,0) 0704.0044(1,0) 0704.0062(1,1) 0704.0067(1,0) 0704.0072(1,0) 0704.0080(1,0) 0704.0086(1,0) 0704.0110(1,0) 0704.0125(1,0) 0704.0132(1,0) 0704.0135(1,0) 0704.0139(2,0) 
296 4.95583 : 0704.0006(1,0) 
297 4.26268 : 0704.0006(1,0) 0704.0134(1,0) 
298 3.85721 : 0704.0006(1,0) 0704.0082(2,1) 0704.0122(2,1) 
299 4.95583 : 0704.0006(1,0) 
300 3.34639 : 0704.0006(1,0) 0704.0020(3,1) 0704.0027(2,1) 0704.0039(5,1) 0704.0106(1,0) 
301 2.7586 : 0704.0006(1,0) 0704.0027(1,0) 0704.0044(1,0) 0704.0052(1,0) 0704.0061(1,0) 0704.0079(1,1) 0704.0129(1,0) 0704.0136(2,0) 0704.0137(1,0) 
302 4.26268 : 0704.0006(1,0) 0704.0107(1,0) 
303 3.56953 : 0704.0006(1,0) 0704.0106(2,0) 0704.0107(1,0) 0704.0127(2,0) 
304 4.26268 : 0704.0006(1,0) 0704.0008(1,0) 
305 3.16407 : 0704.0006(1,0) 0704.0054(1,0) 0704.0066(1,0) 0704.0072(2,0) 0704.0076(1,0) 0704.0085(1,0) 
306 3.34639 : 0704.0006(1,0) 0704.0008(1,0) 0704.0042(1,0) 0704.0052(1,0) 0704.0089(1,0) 
307 2.24778 : 0704.0006(1,0) 0704.0010(1,0) 0704.0022(1,0) 0704.0039(1,0) 0704.0041(1,0) 0704.0049(1,0) 0704.0061(1,0) 0704.0065(1,0) 0704.0069(2,0) 0704.0071(1,0) 0704.0081(1,0) 0704.0085(1,0) 0704.0087(2,0) 0704.0104(1,0) 0704.0115(2,0) 
308 3.16407 : 0704.0006(1,0) 0704.0032(1,0) 0704.0036(1,0) 0704.0058(1,0) 0704.0090(1,0) 0704.0096(1,0) 
309 2.06546 : 0704.0006(1,0) 0704.0015(1,0) 0704.0018(1,0) 0704.0019(1,0) 0704.0022(1,0) 0704.0026(2,1) 0704.0061(2,0) 0704.0064(2,0) 0704.0069(1,0) 0704.0084(1,0) 0704.0086(2,1) 0704.0087(1,0) 0704.0096(1,0) 0704.0100(1,0) 0704.0112(2,1) 0704.0130(1,0) 0704.0136(1,0) 0704.0140(3,1) 
310 3.85721 : 0704.0006(1,0) 0704.0083(1,0) 0704.0084(1,0) 
311 4.26268 : 0704.0006(2,0) 0704.0053(2,0) 
312 1.58853 : 0704.0006(2,0) 0704.0007(2,0) 0704.0011(1,0) 0704.0015(1,0) 0704.0016(1,0) 0704.0019(1,0) 0704.0026(1,0) 0704.0027(1,0) 0704.0035(1,0) 0704.0036(1,0) 0704.0039(1,0) 0704.0046(1,0) 0704.0052(2,0) 0704.0063(1,0) 0704.0064(1,0) 0704.0069(1,0) 0704.0072(1,0) 0704.0074(1,0) 0704.0082(1,0) 0704.0083(1,0) 0704.0084(3,0) 0704.0086(2,1) 0704.0089(1,0) 0704.0094(1,0) 0704.0096(1,0) 0704.0109(1,0) 0704.0112(1,0) 0704.0132(1,0) 0704.0140(1,0) 
313 4.95583 : 0704.0006(1,0) 
314 4.95583 : 0704.0006(1,0) 
315 3.34639 : 0704.0006(1,0) 0704.0064(1,0) 0704.0085(3,0) 0704.0106(2,0) 0704.0132(1,0) 
316 4.95583 : 0704.0006(1,0) 
317 3.00992 : 0704.0006(1,0) 0704.0023(1,0) 0704.0062(1,0) 0704.0069(1,0) 0704.0088(2,0) 0704.0122(1,0) 0704.0123(1,0) 
318 2.87639 : 0704.0006(1,0) 0704.0009(1,0) 0704.0023(1,0) 0704.0033(3,0) 0704.0044(3,0) 0704.0080(2,0) 0704.0083(2,0) 0704.0122(1,0) 
319 4.95583 : 0704.0006(2,0) 
320 3.85721 : 0704.0006(1,0) 0704.0039(1,0) 0704.0091(1,0) 
321 3.85721 : 0704.0006(1,0) 0704.0083(1,0) 0704.0089(1,0) 
322 4.95583 : 0704.0006(1,0) 
323 4.95583 : 0704.0006(1,0) 
324 3.85721 : 0704.0006(1,0) 0704.0024(1,0) 0704.0114(1,0) 
325 3.56953 : 0704.0006(1,0) 0704.0099(5,0) 0704.0115(1,0) 0704.0140(1,0) 
326 2.65324 : 0704.0006(1,0) 0704.0024(1,0) 0704.0037(5,1) 0704.0038(2,0) 0704.0039(1,0) 0704.0082(1,0) 0704.0089(1,0) 0704.0093(1,0) 0704.0106(7,1) 0704.0107(1,0) 
327 4.26268 : 0704.0006(1,0) 0704.0062(1,0) 
328 2.31677 : 0704.0006(2,0) 0704.0008(1,0) 0704.0024(1,0) 0704.0053(1,0) 0704.0055(2,0) 0704.0060(1,0) 0704.0067(1,0) 0704.0070(2,0) 0704.0094(1,0) 0704.0100(1,0) 0704.0119(1,0) 0704.0120(1,0) 0704.0126(1,0) 0704.0138(1,0) 
329 2.01139 : 0704.0006(2,0) 0704.0009(2,0) 0704.0016(1,0) 0704.0022(1,0) 0704.0026(1,0) 0704.0030(1,0) 0704.0033(2,0) 0704.0036(1,0) 0704.0037(3,1) 0704.0039(1,0) 0704.0060(1,0) 0704.0062(1,0) 0704.0083(1,1) 0704.0084(1,0) 0704.0105(1,0) 0704.0112(1,0) 0704.0117(1,0) 0704.0132(1,0) 0704.0134(1,0) 
330 4.95583 : 0704.0006(1,0) 
331 3.85721 : 0704.0006(1,0) 0704.0089(2,0) 0704.0141(2,1) 
332 2.39088 : 0704.0006(1,0) 0704.0012(2,0) 0704.0020(2,0) 0704.0032(1,2) 0704.0046(1,2) 0704.0079(4,0) 0704.0082(1,0) 0704.0087(4,0) 0704.0095(1,2) 0704.0099(10,0) 0704.0106(1,0) 0704.0121(1,0) 0704.0139(1,2) 
333 1.9113 : 0704.0006(1,0) 0704.0009(2,0) 0704.0022(1,0) 0704.0023(1,0) 0704.0024(1,0) 0704.0037(2,0) 0704.0038(1,0) 0704.0039(1,0) 0704.0043(1,0) 0704.0044(2,0) 0704.0046(1,0) 0704.0059(1,0) 0704.0060(1,0) 0704.0062(1,0) 0704.0069(1,0) 0704.0089(1,0) 0704.0098(1,0) 0704.0109(1,0) 0704.0114(1,0) 0704.0120(1,0) 0704.0123(1,0) 
334 3.00992 : 0704.0006(1,0) 0704.0030(1,0) 0704.0066(1,0) 0704.0099(1,0) 0704.0106(1,0) 0704.0117(1,0) 0704.0139(1,0) 
335 2.31677 : 0704.0006(1,0) 0704.0016(1,0) 0704.0020(1,0) 0704.0030(1,0) 0704.0064(1,0) 0704.0079(1,0) 0704.0082(1,0) 0704.0084(2,0) 0704.0086(1,0) 0704.0091(1,0) 0704.0099(1,0) 0704.0122(1,0) 0704.0127(1,0) 0704.0142(1,0) 
336 4.95583 : 0704.0006(1,0) 
337 2.55793 : 0704.0006(1,0) 0704.0020(1,0) 0704.0022(2,0) 0704.0039(1,0) 0704.0065(1,0) 0704.0066(1,0) 0704.0067(2,0) 0704.0081(1,0) 0704.0087(1,0) 0704.0103(1,0) 0704.0131(1,0) 
338 4.26268 : 0704.0006(1,0) 0704.0021(2,1) 
339 3.85721 : 0704.0006(1,0) 0704.0082(1,1) 0704.0122(2,1) 
340 4.95583 : 0704.0006(1,2) 
341 4.95583 : 0704.0006(1,2) 
342 4.95583 : 0704.0006(2,2) 
343 3.34639 : 0704.0006(1,2) 0704.0031(2,0) 0704.0074(2,2) 0704.0099(2,0) 0704.0120(3,0) 
344 2.87639 : 0704.0006(1,2) 0704.0045(1,0) 0704.0046(1,0) 0704.0056(1,0) 0704.0084(1,0) 0704.0089(1,0) 0704.0107(1,0) 0704.0126(1,0) 
345 4.26268 : 0704.0007(5,1) 0704.0113(1,0) 
346 4.26268 : 0704.0007(4,1) 0704.0098(1,1) 
347 4.26268 : 0704.0007(2,1) 0704.0092(1,0) 
348 3.56953 : 0704.0007(1,0) 0704.0080(1,0) 0704.0083(1,1) 0704.0084(1,0) 
349 1.77777 : 0704.0007(1,0) 0704.0016(2,0) 0704.0022(1,0) 0704.0032(3,1) 0704.0033(2,0) 0704.0039(1,0) 0704.0043(1,0) 0704.0045(1,0) 0704.0047(2,0) 0704.0050(1,0) 0704.0051(1,0) 0704.0063(1,0) 0704.0064(3,1) 0704.0084(1,0) 0704.0085(1,0) 0704.0098(1,0) 0704.0099(4,0) 0704.0100(1,0) 0704.0113(1,0) 0704.0115(1,0) 0704.0117(1,0) 0704.0122(1,0) 0704.0134(1,0) 0704.0138(1,1) 
350 3.00992 : 0704.0007(1,0) 0704.0032(2,1) 0704.0036(2,0) 0704.0063(1,0) 0704.0066(1,0) 0704.0080(1,0) 0704.0098(1,0) 
351 3.34639 : 0704.0007(2,0) 0704.0039(1,0) 0704.0041(1,0) 0704.0052(1,0) 0704.0097(1,0) 
352 3.85721 : 0704.0007(1,0) 0704.0098(1,0) 0704.0111(1,0) 
353 3.85721 : 0704.0007(1,0) 0704.0066(5,1) 0704.0079(2,1) 
354 3.16407 : 0704.0007(1,0) 0704.0010(1,0) 0704.0013(1,0) 0704.0044(1,0) 0704.0066(8,1) 0704.0079(2,1) 
355 2.87639 : 0704.0007(1,0) 0704.0009(1,0) 0704.0025(3,1) 0704.0042(1,0) 0704.0048(1,1) 0704.0057(2,1) 0704.0093(1,0) 0704.0140(1,0) 
356 2.65324 : 0704.0007(2,0) 0704.0010(1,0) 0704.0045(1,0) 0704.0053(1,0) 0704.0061(1,0) 0704.0066(1,0) 0704.0080(1,0) 0704.0126(1,0) 0704.0140(1,0) 0704.0142(1,0) 
357 1.96009 : 0704.0007(3,0) 0704.0020(2,0) 0704.0030(1,0) 0704.0044(1,0) 0704.0049(1,0) 0704.0050(1,0) 0704.0059(2,0) 0704.0063(1,0) 0704.0070(2,0) 0704.0075(1,0) 0704.0085(1,0) 0704.0090(1,0) 0704.0093(1,0) 0704.0100(2,0) 0704.0123(2,0) 0704.0128(1,0) 0704.0131(1,0) 0704.0137(1,0) 0704.0139(1,0) 0704.0140(1,0) 
358 4.95583 : 0704.0007(1,0) 
359 1.96009 : 0704.0007(1,0) 0704.0009(1,0) 0704.0010(1,0) 0704.0011(1,0) 0704.0016(1,0) 0704.0022(1,0) 0704.0036(1,0) 0704.0039(1,0) 0704.0043(1,0) 0704.0061(1,0) 0704.0064(1,0) 0704.0066(2,0) 0704.0069(1,0) 0704.0072(2,0) 0704.0074(2,0) 0704.0088(1,1) 0704.0095(3,0) 0704.0105(2,0) 0704.0136(4,0) 0704.0142(2,1) 
360 2.55793 : 0704.0007(1,0) 0704.0017(1,0) 0704.0023(1,0) 0704.0032(2,0) 0704.0045(1,0) 0704.0084(1,0) 0704.0106(1,0) 0704.0117(1,1) 0704.0122(1,0) 0704.0126(1,0) 0704.0134(1,0) 
361 2.39088 : 0704.0007(1,0) 0704.0011(1,0) 0704.0032(1,0) 0704.0037(1,0) 0704.0038(1,0) 0704.0042(1,0) 0704.0043(1,0) 0704.0063(1,0) 0704.0066(2,0) 0704.0075(1,0) 0704.0076(1,0) 0704.0083(1,0) 0704.0117(1,0) 
362 3.00992 : 0704.0007(2,0) 0704.0014(1,0) 0704.0042(1,0) 0704.0046(2,1) 0704.0059(1,0) 0704.0099(1,0) 0704.0129(1,0) 
363 4.95583 : 0704.0007(1,0) 
364 2.7586 : 0704.0007(1,0) 0704.0026(1,0) 0704.0044(3,0) 0704.0067(1,0) 0704.0083(1,0) 0704.0084(1,0) 0704.0112(1,0) 0704.0113(1,0) 0704.0126(1,0) 
365 3.00992 : 0704.0007(1,0) 0704.0008(1,0) 0704.0044(1,0) 0704.0051(1,0) 0704.0057(1,0) 0704.0063(2,0) 0704.0098(1,0) 
366 2.39088 : 0704.0007(1,0) 0704.0045(2,0) 0704.0048(2,0) 0704.0053(2,1) 0704.0055(2,0) 0704.0063(1,0) 0704.0073(1,1) 0704.0089(1,1) 0704.0097(1,0) 0704.0114(1,0) 0704.0117(1,0) 0704.0122(1,1) 0704.0125(1,1) 
367 2.24778 : 0704.0007(1,0) 0704.0020(2,0) 0704.0049(1,0) 0704.0050(1,0) 0704.0059(2,0) 0704.0063(1,0) 0704.0070(3,0) 0704.0075(1,0) 0704.0085(1,0) 0704.0099(1,0) 0704.0100(2,0) 0704.0123(2,0) 0704.0126(1,0) 0704.0131(1,0) 0704.0139(1,0) 
368 4.26268 : 0704.0007(1,0) 0704.0118(1,0) 
369 3.85721 : 0704.0007(1,0) 0704.0053(1,0) 0704.0065(1,0) 
370 3.85721 : 0704.0007(1,0) 0704.0075(1,0) 0704.0085(3,0) 
371 3.56953 : 0704.0007(2,0) 0704.0014(1,1) 0704.0015(4,1) 0704.0018(1,0) 
372 3.85721 : 0704.0007(1,0) 0704.0059(1,0) 0704.0094(3,1) 
373 3.85721 : 0704.0007(1,0) 0704.0058(1,1) 0704.0083(1,0) 
374 2.65324 : 0704.0007(1,0) 0704.0023(1,0) 0704.0042(1,0) 0704.0058(1,0) 0704.0067(1,0) 0704.0077(1,0) 0704.0093(1,0) 0704.0113(1,0) 0704.0126(1,0) 0704.0127(1,0) 
375 4.95583 : 0704.0007(1,0) 
376 2.24778 : 0704.0007(1,0) 0704.0008(1,0) 0704.0015(1,0) 0704.0025(1,0) 0704.0035(1,0) 0704.0045(1,0) 0704.0047(1,0) 0704.0053(1,0) 0704.0061(1,0) 0704.0072(2,0) 0704.0088(1,0) 0704.0102(1,0) 0704.0106(1,0) 0704.0126(2,0) 0704.0135(1,0) 
377 3.34639 : 0704.0007(1,0) 0704.0038(1,0) 0704.0067(1,0) 0704.0093(1,1) 0704.0142(1,1) 
378 3.16407 : 0704.0007(3,0) 0704.0022(2,0) 0704.0055(1,0) 0704.0064(1,0) 0704.0084(1,0) 0704.0096(3,0) 
379 4.95583 : 0704.0007(3,0) 
380 4.95583 : 0704.0007(1,0) 
381 1.96009 : 0704.0007(1,0) 0704.0017(1,0) 0704.0046(1,0) 0704.0048(2,1) 0704.0051(1,0) 0704.0052(1,0) 0704.0055(1,0) 0704.0058(1,0) 0704.0063(1,0) 0704.0065(1,0) 0704.0072(4,1) 0704.0104(1,0) 0704.0109(1,0) 0704.0118(2,0) 0704.0119(2,0) 0704.0121(1,0) 0704.0127(1,0) 0704.0133(1,0) 0704.0134(1,0) 0704.0142(1,0) 
382 3.16407 : 0704.0007(1,0) 0704.0012(1,0) 0704.0059(1,0) 0704.0080(1,0) 0704.0084(1,0) 0704.0140(1,0) 
383 3.85721 : 0704.0007(1,0) 0704.0084(1,0) 0704.0121(1,0) 
384 4.26268 : 0704.0007(1,0) 0704.0051(1,0) 
385 4.26268 : 0704.0007(1,0) 0704.0023(1,0) 
386 3.34639 : 0704.0007(1,0) 0704.0046(1,0) 0704.0053(1,0) 0704.0058(1,0) 0704.0132(1,0) 
387 3.16407 : 0704.0007(1,0) 0704.0047(3,1) 0704.0050(3,1) 0704.0081(1,0) 0704.0088(1,0) 0704.0125(1,1) 
388 2.55793 : 0704.0007(2,0) 0704.0032(1,0) 0704.0052(1,0) 0704.0054(1,0) 0704.0084(1,0) 0704.0085(1,0) 0704.0094(1,0) 0704.0099(1,0) 0704.0104(1,0) 0704.0116(1,0) 0704.0117(1,0) 
389 3.56953 : 0704.0007(1,0) 0704.0041(1,0) 0704.0049(1,0) 0704.0096(1,0) 
390 4.95583 : 0704.0007(1,0) 
391 2.55793 : 0704.0007(1,0) 0704.0019(2,1) 0704.0026(1,0) 0704.0029(2,0) 0704.0063(1,0) 0704.0067(1,0) 0704.0072(1,0) 0704.0086(1,0) 0704.0100(1,0) 0704.0107(1,0) 0704.0112(1,0) 
392 4.95583 : 0704.0007(1,0) 
393 3.34639 : 0704.0007(1,0) 0704.0033(2,1) 0704.0035(2,1) 0704.0037(2,1) 0704.0038(2,1) 
394 4.95583 : 0704.0007(1,0) 
395 3.85721 : 0704.0007(1,0) 0704.0080(1,0) 0704.0095(1,0) 
396 4.26268 : 0704.0007(1,0) 0704.0022(3,0) 
397 2.55793 : 0704.0007(1,0) 0704.0009(1,0) 0704.0030(1,0) 0704.0040(1,0) 0704.0053(1,0) 0704.0058(1,0) 0704.0075(1,0) 0704.0091(1,0) 0704.0093(1,0) 0704.0122(1,0) 0704.0130(1,0) 
398 2.65324 : 0704.0007(1,0) 0704.0011(2,0) 0704.0043(1,0) 0704.0047(1,0) 0704.0061(1,0) 0704.0072(1,0) 0704.0095(1,0) 0704.0102(1,0) 0704.0103(1,0) 0704.0105(1,0) 
399 3.56953 : 0704.0007(1,0) 0704.0048(1,0) 0704.0067(1,0) 0704.0109(1,0) 
400 2.55793 : 0704.0007(1,0) 0704.0030(1,0) 0704.0036(1,0) 0704.0052(1,0) 0704.0069(1,0) 0704.0078(1,0) 0704.0080(1,0) 0704.0093(1,0) 0704.0121(1,0) 0704.0130(1,0) 0704.0138(1,0) 
401 3.34639 : 0704.0007(1,0) 0704.0016(1,0) 0704.0073(1,0) 0704.0087(2,1) 0704.0135(2,1) 
402 3.85721 : 0704.0007(1,0) 0704.0016(1,0) 0704.0135(1,1) 
403 2.65324 : 0704.0007(1,0) 0704.0022(1,0) 0704.0025(1,0) 0704.0026(1,0) 0704.0040(2,1) 0704.0053(1,0) 0704.0056(1,0) 0704.0066(2,1) 0704.0091(1,0) 0704.0112(1,0) 
404 2.55793 : 0704.0007(1,0) 0704.0016(1,0) 0704.0026(1,0) 0704.0035(1,0) 0704.0051(1,0) 0704.0056(1,0) 0704.0062(1,0) 0704.0080(1,0) 0704.0112(1,0) 0704.0130(4,1) 0704.0142(1,0) 
405 4.26268 : 0704.0007(1,0) 0704.0083(4,0) 
406 4.95583 : 0704.0007(2,2) 
407 4.95583 : 0704.0007(2,2) 
408 4.95583 : 0704.0007(1,2) 
409 4.95583 : 0704.0007(1,2) 
410 4.26268 : 0704.0007(1,2) 0704.0039(2,2) 
411 4.95583 : 0704.0007(1,2) 
412 2.87639 : 0704.0008(3,1) 0704.0016(1,0) 0704.0024(1,0) 0704.0033(1,0) 0704.0037(1,0) 0704.0038(1,0) 0704.0043(1,0) 0704.0084(1,0) 
413 3.00992 : 0704.0008(2,1) 0704.0022(1,0) 0704.0072(1,0) 0704.0083(1,0) 0704.0084(1,0) 0704.0117(1,0) 0704.0135(1,0) 
414 3.34639 : 0704.0008(6,1) 0704.0032(1,0) 0704.0043(1,0) 0704.0084(2,0) 0704.0103(1,0) 
415 4.95583 : 0704.0008(4,1) 
416 4.26268 : 0704.0008(2,1) 0704.0113(1,0) 
417 3.85721 : 0704.0008(3,1) 0704.0017(4,0) 0704.0027(1,0) 
418 2.18324 : 0704.0008(1,1) 0704.0009(3,0) 0704.0012(1,0) 0704.0025(2,1) 0704.0043(1,0) 0704.0047(1,0) 0704.0053(1,0) 0704.0054(1,0) 0704.0068(1,0) 0704.0080(1,0) 0704.0082(1,0) 0704.0105(1,0) 0704.0109(2,0) 0704.0113(1,0) 0704.0119(2,0) 0704.0125(1,0) 
419 3.56953 : 0704.0008(1,0) 0704.0015(1,0) 0704.0064(1,1) 0704.0092(1,0) 
420 3.34639 : 0704.0008(1,0) 0704.0057(1,0) 0704.0072(1,0) 0704.0117(1,0) 0704.0131(1,0) 
421 3.16407 : 0704.0008(1,0) 0704.0026(1,0) 0704.0061(1,0) 0704.0069(1,0) 0704.0112(1,0) 0704.0139(1,0) 
422 2.55793 : 0704.0008(1,0) 0704.0009(1,0) 0704.0023(1,0) 0704.0030(1,0) 0704.0059(1,0) 0704.0062(1,0) 0704.0077(1,0) 0704.0078(1,0) 0704.0094(3,0) 0704.0135(1,0) 0704.0140(1,0) 
423 3.16407 : 0704.0008(1,0) 0704.0012(1,0) 0704.0013(1,0) 0704.0044(1,0) 0704.0074(1,0) 0704.0109(1,0) 
424 3.56953 : 0704.0008(1,0) 0704.0023(4,0) 0704.0024(2,0) 0704.0036(1,0) 
425 4.95583 : 0704.0008(2,0) 
426 2.7586 : 0704.0008(3,0) 0704.0015(1,0) 0704.0022(5,0) 0704.0025(1,0) 0704.0038(1,0) 0704.0043(3,1) 0704.0091(1,0) 0704.0098(1,0) 0704.0128(1,0) 
427 2.87639 : 0704.0008(4,0) 0704.0017(2,0) 0704.0033(1,0) 0704.0035(1,0) 0704.0058(1,0) 0704.0123(1,0) 0704.0126(1,0) 0704.0138(1,0) 
428 4.95583 : 0704.0008(1,0) 
429 3.85721 : 0704.0008(1,0) 0704.0015(1,0) 0704.0016(1,0) 
430 4.26268 : 0704.0008(1,0) 0704.0055(1,0) 
431 4.95583 : 0704.0008(1,0) 
432 4.95583 : 0704.0008(1,0) 
433 3.16407 : 0704.0008(1,0) 0704.0039(5,1) 0704.0043(1,0) 0704.0052(1,0) 0704.0053(2,0) 0704.0066(1,0) 
434 2.18324 : 0704.0008(1,0) 0704.0022(1,0) 0704.0038(1,0) 0704.0039(1,0) 0704.0044(3,0) 0704.0045(1,0) 0704.0066(3,0) 0704.0067(1,0) 0704.0084(2,0) 0704.0085(1,0) 0704.0096(2,0) 0704.0103(1,1) 0704.0121(1,0) 0704.0129(1,0) 0704.0134(2,0) 0704.0136(1,1) 
435 4.95583 : 0704.0008(1,0) 
436 4.95583 : 0704.0008(1,0) 
437 4.26268 : 0704.0008(1,0) 0704.0078(2,1) 
438 3.00992 : 0704.0008(1,0) 0704.0025(1,0) 0704.0046(1,0) 0704.0067(2,0) 0704.0073(1,0) 0704.0079(1,0) 0704.0140(1,0) 
439 2.24778 : 0704.0008(1,0) 0704.0009(1,0) 0704.0021(1,0) 0704.0023(1,0) 0704.0031(1,0) 0704.0057(1,1) 0704.0060(1,0) 0704.0093(1,0) 0704.0109(2,0) 0704.0113(4,0) 0704.0114(1,0) 0704.0132(1,0) 0704.0133(1,0) 0704.0139(1,0) 0704.0142(1,0) 
440 3.85721 : 0704.0008(1,0) 0704.0051(1,0) 0704.0131(1,0) 
441 3.85721 : 0704.0008(1,0) 0704.0025(1,0) 0704.0122(1,0) 
442 3.85721 : 0704.0008(1,0) 0704.0050(1,0) 0704.0072(1,0) 
443 4.95583 : 0704.0008(1,0) 
444 2.01139 : 0704.0008(1,0) 0704.0009(1,0) 0704.0022(2,0) 0704.0023(1,0) 0704.0030(1,0) 0704.0037(1,0) 0704.0055(1,0) 0704.0062(1,0) 0704.0065(2,0) 0704.0067(1,0) 0704.0069(1,0) 0704.0078(1,0) 0704.0085(2,0) 0704.0091(1,0) 0704.0093(1,0) 0704.0095(1,0) 0704.0106(1,0) 0704.0138(2,0) 0704.0139(1,0) 
445 3.16407 : 0704.0008(2,0) 0704.0032(2,0) 0704.0106(1,0) 0704.0132(1,0) 0704.0135(1,0) 0704.0137(1,0) 
446 4.95583 : 0704.0008(1,0) 
447 3.00992 : 0704.0008(1,0) 0704.0030(2,1) 0704.0032(2,1) 0704.0045(1,0) 0704.0055(1,0) 0704.0136(2,0) 0704.0141(1,0) 
448 4.95583 : 0704.0008(1,0) 
449 4.95583 : 0704.0008(1,0) 
450 3.56953 : 0704.0008(1,0) 0704.0050(1,0) 0704.0093(1,0) 0704.0113(1,1) 
451 3.34639 : 0704.0008(2,0) 0704.0020(1,0) 0704.0055(1,0) 0704.0056(1,0) 0704.0109(1,0) 
452 3.85721 : 0704.0008(1,0) 0704.0064(1,0) 0704.0127(1,0) 
453 3.16407 : 0704.0008(1,0) 0704.0033(1,0) 0704.0037(2,1) 0704.0060(1,0) 0704.0062(1,0) 0704.0096(1,1) 
454 3.85721 : 0704.0008(1,0) 0704.0127(1,0) 0704.0140(1,0) 
455 3.16407 : 0704.0008(1,0) 0704.0022(1,0) 0704.0023(1,0) 0704.0084(1,0) 0704.0123(1,1) 0704.0134(3,0) 
456 2.87639 : 0704.0008(2,0) 0704.0024(1,0) 0704.0055(1,0) 0704.0058(1,0) 0704.0063(2,0) 0704.0093(1,0) 0704.0120(1,0) 0704.0123(2,0) 
457 3.00992 : 0704.0008(1,0) 0704.0036(1,0) 0704.0043(1,0) 0704.0044(1,0) 0704.0062(1,0) 0704.0094(1,0) 0704.0117(3,0) 
458 4.95583 : 0704.0008(1,0) 
459 4.95583 : 0704.0008(1,0) 
460 4.95583 : 0704.0008(1,0) 
461 2.55793 : 0704.0008(1,0) 0704.0021(1,0) 0704.0023(1,0) 0704.0031(1,0) 0704.0033(1,0) 0704.0035(1,0) 0704.0037(2,0) 0704.0093(1,0) 0704.0123(1,0) 0704.0127(1,0) 0704.0139(1,0) 
462 4.95583 : 0704.0008(1,0) 
463 4.95583 : 0704.0008(1,0) 
464 4.95583 : 0704.0008(1,0) 
465 3.00992 : 0704.0008(1,0) 0704.0030(2,1) 0704.0032(3,0) 0704.0045(1,0) 0704.0060(1,0) 0704.0093(3,0) 0704.0128(1,0) 
466 4.95583 : 0704.0008(1,0) 
467 3.56953 : 0704.0008(1,0) 0704.0056(1,0) 0704.0057(1,0) 0704.0126(1,0) 
468 2.87639 : 0704.0008(1,0) 0704.0024(2,1) 0704.0036(2,0) 0704.0053(1,0) 0704.0083(1,0) 0704.0105(1,0) 0704.0119(2,1) 0704.0126(3,0) 
469 4.95583 : 0704.0008(1,0) 
470 4.95583 : 0704.0008(1,0) 
471 2.87639 : 0704.0008(1,0) 0704.0027(1,0) 0704.0030(1,0) 0704.0032(1,0) 0704.0045(1,0) 0704.0067(1,0) 0704.0088(2,1) 0704.0126(1,0) 
472 2.87639 : 0704.0008(1,0) 0704.0029(1,0) 0704.0070(2,1) 0704.0109(1,0) 0704.0114(5,1) 0704.0119(1,0) 0704.0127(1,0) 0704.0132(1,0) 
473 4.95583 : 0704.0008(2,2) 
474 4.26268 : 0704.0008(2,2) 0704.0128(7,1) 
475 4.26268 : 0704.0009(3,1) 0704.0133(1,0) 
476 4.95583 : 0704.0009(2,1) 
477 4.95583 : 0704.0009(1,1) 
478 4.95583 : 0704.0009(1,1) 
479 4.95583 : 0704.0009(1,1) 
480 4.95583 : 0704.0009(1,1) 
481 4.95583 : 0704.0009(1,1) 
482 4.95583 : 0704.0009(4,1) 
483 4.95583 : 0704.0009(9,1) 
484 4.26268 : 0704.0009(3,1) 0704.0139(2,1) 
485 2.39088 : 0704.0009(2,1) 0704.0017(1,0) 0704.0021(1,0) 0704.0024(2,0) 0704.0059(1,0) 0704.0075(1,0) 0704.0080(1,0) 0704.0106(1,0) 0704.0118(1,0) 0704.0123(2,0) 0704.0126(1,0) 0704.0128(1,0) 0704.0139(2,0) 
486 4.95583 : 0704.0009(3,1) 
487 4.95583 : 0704.0009(4,1) 
488 2.39088 : 0704.0009(2,0) 0704.0014(1,0) 0704.0033(1,0) 0704.0038(1,0) 0704.0054(1,0) 0704.0068(1,0) 0704.0075(1,0) 0704.0082(1,0) 0704.0085(1,0) 0704.0095(1,0) 0704.0116(1,0) 0704.0120(1,0) 0704.0129(1,0) 
489 4.26268 : 0704.0009(2,0) 0704.0045(1,0) 
490 4.95583 : 0704.0009(1,0) 
491 3.34639 : 0704.0009(1,0) 0704.0017(2,1) 0704.0023(3,0) 0704.0131(1,0) 0704.0139(1,0) 
492 3.34639 : 0704.0009(3,0) 0704.0059(1,0) 0704.0061(1,0) 0704.0133(4,1) 0704.0139(1,0) 
493 3.85721 : 0704.0009(1,0) 0704.0086(1,0) 0704.0133(2,0) 
494 2.87639 : 0704.0009(5,0) 0704.0016(1,0) 0704.0031(1,0) 0704.0044(1,0) 0704.0073(1,0) 0704.0085(1,0) 0704.0095(1,0) 0704.0129(2,1) 
495 4.95583 : 0704.0009(1,0) 
496 4.95583 : 0704.0009(1,0) 
497 4.95583 : 0704.0009(1,0) 
498 4.95583 : 0704.0009(1,0) 
499 4.95583 : 0704.0009(1,0) 
500 3.56953 : 0704.0009(1,0) 0704.0059(1,0) 0704.0080(1,1) 0704.0139(1,0) 
501 3.85721 : 0704.0009(5,0) 0704.0061(1,0) 0704.0069(2,1) 
502 3.85721 : 0704.0009(1,0) 0704.0033(1,0) 0704.0035(1,0) 
503 3.16407 : 0704.0009(2,0) 0704.0078(2,1) 0704.0082(2,1) 0704.0085(2,0) 0704.0114(1,0) 0704.0118(1,0) 
504 4.95583 : 0704.0009(1,0) 
505 4.26268 : 0704.0009(4,0) 0704.0083(1,0) 
506 3.85721 : 0704.0009(4,0) 0704.0032(1,0) 0704.0139(1,0) 
507 2.39088 : 0704.0009(1,0) 0704.0015(1,0) 0704.0022(2,0) 0704.0029(1,0) 0704.0039(2,0) 0704.0041(1,0) 0704.0058(1,0) 0704.0059(1,0) 0704.0063(1,0) 0704.0069(1,0) 0704.0087(1,0) 0704.0095(1,0) 0704.0142(1,0) 
508 3.85721 : 0704.0009(1,0) 0704.0039(2,0) 0704.0082(1,0) 
509 4.95583 : 0704.0009(2,0) 
510 2.39088 : 0704.0009(2,0) 0704.0018(1,0) 0704.0030(1,0) 0704.0032(1,0) 0704.0057(1,0) 0704.0072(1,0) 0704.0080(1,0) 0704.0105(1,0) 0704.0114(1,0) 0704.0117(1,0) 0704.0122(1,0) 0704.0138(1,0) 0704.0142(1,0) 
511 4.95583 : 0704.0009(1,0) 
512 4.95583 : 0704.0009(1,0) 
513 3.34639 : 0704.0009(1,0) 0704.0043(1,0) 0704.0045(1,0) 0704.0048(1,0) 0704.0084(2,0) 
514 3.00992 : 0704.0009(3,0) 0704.0028(1,0) 0704.0060(1,0) 0704.0061(1,0) 0704.0072(1,0) 0704.0117(2,1) 0704.0133(1,0) 
515 4.95583 : 0704.0009(1,0) 
516 3.85721 : 0704.0009(1,0) 0704.0047(1,0) 0704.0088(1,0) 
517 3.85721 : 0704.0009(1,0) 0704.0069(1,0) 0704.0085(1,0) 
518 2.87639 : 0704.0009(1,0) 0704.0059(4,1) 0704.0080(7,1) 0704.0086(1,0) 0704.0094(2,0) 0704.0122(1,0) 0704.0139(1,0) 0704.0140(2,0) 
519 4.95583 : 0704.0009(1,0) 
520 3.56953 : 0704.0009(1,0) 0704.0042(2,1) 0704.0048(2,1) 0704.0105(4,0) 
521 4.95583 : 0704.0009(2,0) 
522 3.85721 : 0704.0009(1,0) 0704.0016(1,0) 0704.0127(1,0) 
523 3.85721 : 0704.0009(1,0) 0704.0117(1,0) 0704.0142(1,0) 
524 2.87639 : 0704.0009(1,0) 0704.0016(1,0) 0704.0017(1,0) 0704.0020(1,0) 0704.0033(2,1) 0704.0044(1,0) 0704.0059(1,0) 0704.0105(1,0) 
525 4.95583 : 0704.0009(2,0) 
526 4.26268 : 0704.0009(1,0) 0704.0032(2,0) 
527 4.26268 : 0704.0009(1,0) 0704.0135(1,0) 
528 3.85721 : 0704.0009(1,0) 0704.0089(3,1) 0704.0107(1,1) 
529 4.95583 : 0704.0009(1,0) 
530 4.26268 : 0704.0009(4,0) 0704.0044(1,0) 
531 3.00992 : 0704.0009(1,0) 0704.0032(1,0) 0704.0084(1,0) 0704.0106(1,0) 0704.0113(1,0) 0704.0127(3,0) 0704.0138(1,0) 
532 3.56953 : 0704.0009(1,0) 0704.0033(1,0) 0704.0074(1,0) 0704.0139(1,0) 
533 3.16407 : 0704.0009(1,0) 0704.0035(1,0) 0704.0053(2,0) 0704.0056(1,0) 0704.0072(1,0) 0704.0091(2,1) 
534 3.85721 : 0704.0009(2,0) 0704.0080(1,0) 0704.0094(1,0) 
535 4.95583 : 0704.0009(1,0) 
536 4.95583 : 0704.0009(1,0) 
537 4.26268 : 0704.0009(1,0) 0704.0044(2,0) 
538 3.34639 : 0704.0009(1,0) 0704.0018(1,0) 0704.0036(1,0) 0704.0085(1,0) 0704.0094(1,0) 
539 3.85721 : 0704.0009(1,0) 0704.0041(1,0) 0704.0105(1,0) 
540 4.95583 : 0704.0009(1,0) 
541 4.26268 : 0704.0009(1,0) 0704.0133(2,0) 
542 4.95583 : 0704.0009(1,0) 
543 3.16407 : 0704.0009(1,0) 0704.0031(1,0) 0704.0062(1,0) 0704.0094(1,0) 0704.0114(1,0) 0704.0126(1,0) 
544 3.56953 : 0704.0009(1,0) 0704.0026(1,0) 0704.0036(1,0) 0704.0112(1,0) 
545 4.26268 : 0704.0009(1,0) 0704.0032(2,0) 
546 4.26268 : 0704.0009(1,0) 0704.0133(2,0) 
547 2.12261 : 0704.0009(1,0) 0704.0026(2,0) 0704.0032(1,0) 0704.0036(1,0) 0704.0041(1,0) 0704.0052(1,0) 0704.0053(1,0) 0704.0057(1,0) 0704.0066(1,0) 0704.0073(1,0) 0704.0074(2,0) 0704.0080(4,0) 0704.0100(1,0) 0704.0112(2,0) 0704.0113(1,0) 0704.0123(1,0) 0704.0134(1,0) 
548 3.85721 : 0704.0009(1,0) 0704.0080(1,0) 0704.0131(1,0) 
549 4.95583 : 0704.0009(1,0) 
550 4.95583 : 0704.0009(1,0) 
551 4.95583 : 0704.0009(1,0) 
552 3.34639 : 0704.0009(1,0) 0704.0047(2,1) 0704.0050(5,1) 0704.0066(1,0) 0704.0076(1,0) 
553 4.95583 : 0704.0009(1,0) 
554 2.47092 : 0704.0009(1,0) 0704.0030(1,0) 0704.0039(1,0) 0704.0044(1,0) 0704.0057(2,1) 0704.0059(1,0) 0704.0060(2,0) 0704.0062(1,0) 0704.0080(2,0) 0704.0083(1,0) 0704.0085(1,0) 0704.0114(1,0) 
555 4.95583 : 0704.0009(1,0) 
556 3.16407 : 0704.0009(1,0) 0704.0023(1,0) 0704.0067(4,0) 0704.0084(1,0) 0704.0088(1,0) 0704.0100(1,0) 
557 3.85721 : 0704.0009(1,0) 0704.0084(1,0) 0704.0086(2,1) 
558 2.01139 : 0704.0009(1,0) 0704.0020(1,0) 0704.0021(1,0) 0704.0031(1,0) 0704.0033(2,1) 0704.0047(1,0) 0704.0048(1,0) 0704.0050(4,0) 0704.0059(1,0) 0704.0061(1,0) 0704.0062(2,0) 0704.0067(3,1) 0704.0078(1,0) 0704.0080(1,0) 0704.0086(1,0) 0704.0090(1,0) 0704.0098(2,1) 0704.0119(1,0) 0704.0138(2,0) 
559 4.26268 : 0704.0009(1,0) 0704.0084(1,0) 
560 4.95583 : 0704.0009(1,0) 
561 4.26268 : 0704.0009(1,0) 0704.0060(1,0) 
562 4.26268 : 0704.0009(1,0) 0704.0058(1,0) 
563 4.26268 : 0704.0009(1,0) 0704.0139(1,0) 
564 4.95583 : 0704.0009(1,0) 
565 4.95583 : 0704.0009(1,0) 
566 3.85721 : 0704.0009(1,0) 0704.0083(1,0) 0704.0118(1,0) 
567 2.65324 : 0704.0009(1,0) 0704.0043(1,0) 0704.0045(1,0) 0704.0069(2,0) 0704.0080(1,0) 0704.0084(1,0) 0704.0085(3,0) 0704.0088(2,0) 0704.0133(1,0) 0704.0134(2,0) 
568 2.31677 : 0704.0009(1,0) 0704.0013(1,0) 0704.0015(1,0) 0704.0023(1,0) 0704.0027(1,0) 0704.0031(1,0) 0704.0066(1,0) 0704.0088(1,0) 0704.0096(1,0) 0704.0114(2,0) 0704.0116(1,0) 0704.0129(1,0) 0704.0132(2,1) 0704.0140(1,0) 
569 3.56953 : 0704.0009(1,0) 0704.0030(2,1) 0704.0067(4,0) 0704.0085(1,0) 
570 4.26268 : 0704.0009(1,0) 0704.0093(1,0) 
571 2.7586 : 0704.0009(1,0) 0704.0016(1,0) 0704.0038(1,0) 0704.0054(1,0) 0704.0069(1,0) 0704.0076(1,0) 0704.0088(1,0) 0704.0131(1,0) 0704.0139(1,0) 
572 3.85721 : 0704.0009(2,0) 0704.0060(1,0) 0704.0082(1,0) 
573 4.95583 : 0704.0009(1,0) 
574 4.95583 : 0704.0009(1,0) 
575 4.26268 : 0704.0009(1,0) 0704.0133(4,0) 
576 3.34639 : 0704.0009(1,0) 0704.0047(1,0) 0704.0094(1,0) 0704.0118(1,0) 0704.0128(2,0) 
577 4.26268 : 0704.0009(2,2) 0704.0118(2,2) 
578 4.95583 : 0704.0009(2,2) 
579 4.95583 : 0704.0009(1,2) 
580 4.95583 : 0704.0009(1,2) 
581 4.95583 : 0704.0009(1,2) 
582 4.95583 : 0704.0009(1,2) 
583 4.95583 : 0704.0009(1,2) 
584 4.95583 : 0704.0009(1,2) 
585 4.95583 : 0704.0009(1,2) 
586 4.95583 : 0704.0009(1,2) 
587 4.95583 : 0704.0009(1,2) 
588 1.86478 : 0704.0009(1,2) 0704.0022(1,2) 0704.0025(1,0) 0704.0027(1,2) 0704.0030(1,2) 0704.0032(1,2) 0704.0043(1,2) 0704.0045(1,2) 0704.0057(1,2) 0704.0058(1,2) 0704.0059(1,2) 0704.0068(1,2) 0704.0074(1,2) 0704.0079(3,0) 0704.0124(1,1) 0704.0128(2,2) 0704.0131(2,2) 0704.0132(1,2) 0704.0133(1,2) 0704.0135(1,2) 0704.0138(1,0) 0704.0142(2,2) 
589 4.26268 : 0704.0009(1,2) 0704.0128(1,2) 
590 2.65324 : 0704.0009(1,2) 0704.0026(1,1) 0704.0032(1,0) 0704.0035(1,1) 0704.0043(1,0) 0704.0047(1,0) 0704.0050(2,1) 0704.0052(1,1) 0704.0064(1,0) 0704.0100(1,0) 
591 4.95583 : 0704.0009(1,2) 
592 4.95583 : 0704.0009(1,2) 
593 3.85721 : 0704.0010(6,1) 0704.0087(3,0) 0704.0105(1,0) 
594 4.95583 : 0704.0010(6,1) 
595 3.34639 : 0704.0010(3,1) 0704.0047(2,0) 0704.0050(1,0) 0704.0056(1,0) 0704.0071(1,0) 
596 4.26268 : 0704.0010(2,1) 0704.0061(1,0) 
597 4.26268 : 0704.0010(1,1) 0704.0043(1,0) 
598 3.85721 : 0704.0010(2,0) 0704.0041(1,0) 0704.0079(1,0) 
599 4.95583 : 0704.0010(1,0) 
600 4.95583 : 0704.0010(1,0) 
601 2.87639 : 0704.0010(1,0) 0704.0041(2,0) 0704.0064(1,0) 0704.0080(1,0) 0704.0086(2,0) 0704.0104(1,0) 0704.0105(1,0) 0704.0107(1,0) 
602 3.85721 : 0704.0010(2,0) 0704.0040(1,0) 0704.0069(1,0) 
603 4.95583 : 0704.0010(1,0) 
604 4.95583 : 0704.0010(1,0) 
605 4.95583 : 0704.0010(1,0) 
606 4.95583 : 0704.0010(1,0) 
607 2.65324 : 0704.0010(1,0) 0704.0024(1,0) 0704.0039(2,0) 0704.0053(1,0) 0704.0067(1,0) 0704.0069(1,0) 0704.0075(1,0) 0704.0113(1,0) 0704.0127(1,0) 0704.0135(2,0) 
608 4.26268 : 0704.0010(1,0) 0704.0039(1,0) 
609 4.26268 : 0704.0010(1,0) 0704.0066(1,0) 
610 4.26268 : 0704.0010(1,0) 0704.0067(1,0) 
611 4.95583 : 0704.0010(1,0) 
612 3.85721 : 0704.0010(1,0) 0704.0095(1,0) 0704.0110(1,0) 
613 3.56953 : 0704.0010(1,0) 0704.0018(1,0) 0704.0124(2,1) 0704.0126(1,0) 
614 4.95583 : 0704.0010(1,0) 
615 3.34639 : 0704.0010(1,0) 0704.0046(1,0) 0704.0061(1,0) 0704.0068(1,0) 0704.0105(1,0) 
616 3.85721 : 0704.0010(2,0) 0704.0022(1,0) 0704.0113(1,0) 
617 4.95583 : 0704.0010(1,0) 
618 3.00992 : 0704.0010(1,0) 0704.0014(1,1) 0704.0021(1,0) 0704.0028(1,0) 0704.0053(1,0) 0704.0065(1,0) 0704.0121(1,1) 
619 4.95583 : 0704.0010(1,0) 
620 2.87639 : 0704.0010(1,0) 0704.0065(1,0) 0704.0069(1,0) 0704.0083(1,0) 0704.0134(1,0) 0704.0138(1,0) 0704.0140(1,0) 0704.0142(1,0) 
621 4.95583 : 0704.0010(1,0) 
622 4.95583 : 0704.0010(1,0) 
623 3.00992 : 0704.0010(1,0) 0704.0022(1,0) 0704.0041(1,0) 0704.0043(1,0) 0704.0052(1,0) 0704.0069(2,0) 0704.0091(1,0) 
624 4.26268 : 0704.0010(1,0) 0704.0018(1,0) 
625 3.56953 : 0704.0010(1,0) 0704.0037(1,0) 0704.0066(2,0) 0704.0138(1,0) 
626 2.65324 : 0704.0010(1,0) 0704.0018(1,0) 0704.0047(1,0) 0704.0078(1,0) 0704.0083(1,0) 0704.0090(1,0) 0704.0125(1,0) 0704.0127(1,0) 0704.0134(2,1) 0704.0140(1,0) 
627 2.47092 : 0704.0010(1,0) 0704.0022(1,0) 0704.0043(3,0) 0704.0061(1,0) 0704.0069(1,0) 0704.0082(2,1) 0704.0084(3,0) 0704.0092(1,0) 0704.0106(1,0) 0704.0126(1,0) 0704.0130(1,0) 0704.0132(1,0) 
628 3.34639 : 0704.0010(1,0) 0704.0039(1,0) 0704.0072(1,0) 0704.0075(1,0) 0704.0142(1,0) 
629 4.95583 : 0704.0010(2,2) 
630 4.95583 : 0704.0010(2,2) 
631 3.85721 : 0704.0011(2,1) 0704.0018(1,0) 0704.0085(1,0) 
632 3.85721 : 0704.0011(1,1) 0704.0026(1,0) 0704.0112(1,0) 
633 3.85721 : 0704.0011(4,1) 0704.0041(1,0) 0704.0110(2,1) 
634 4.26268 : 0704.0011(3,1) 0704.0013(1,0) 
635 3.56953 : 0704.0011(1,1) 0704.0012(2,1) 0704.0013(5,1) 0704.0130(1,1) 
636 2.87639 : 0704.0011(2,1) 0704.0012(2,0) 0704.0013(5,1) 0704.0014(1,0) 0704.0041(1,0) 0704.0073(1,0) 0704.0104(1,0) 0704.0113(1,0) 
637 2.87639 : 0704.0011(2,1) 0704.0037(1,0) 0704.0045(2,1) 0704.0058(1,0) 0704.0083(1,0) 0704.0091(1,0) 0704.0130(1,0) 0704.0142(1,0) 
638 2.87639 : 0704.0011(2,1) 0704.0012(2,0) 0704.0020(2,0) 0704.0034(1,0) 0704.0054(3,1) 0704.0111(3,0) 0704.0125(1,0) 0704.0142(2,0) 
639 4.95583 : 0704.0011(2,1) 
640 3.00992 : 0704.0011(1,1) 0704.0022(3,0) 0704.0056(1,0) 0704.0066(1,0) 0704.0089(1,0) 0704.0093(1,0) 0704.0095(1,0) 
641 4.95583 : 0704.0011(1,1) 
642 4.95583 : 0704.0011(1,1) 
643 3.85721 : 0704.0011(1,1) 0704.0034(1,0) 0704.0140(1,0) 
644 4.95583 : 0704.0011(1,0) 
645 4.95583 : 0704.0011(1,0) 
646 3.85721 : 0704.0011(1,0) 0704.0012(1,0) 0704.0084(1,0) 
647 2.87639 : 0704.0011(1,0) 0704.0025(1,0) 0704.0028(3,1) 0704.0062(1,0) 0704.0086(1,0) 0704.0090(2,1) 0704.0100(1,0) 0704.0123(1,0) 
648 3.56953 : 0704.0011(2,0) 0704.0033(2,0) 0704.0039(1,0) 0704.0085(1,0) 
649 2.47092 : 0704.0011(1,0) 0704.0022(1,0) 0704.0053(2,0) 0704.0066(2,1) 0704.0084(1,0) 0704.0085(2,0) 0704.0116(1,1) 0704.0126(2,0) 0704.0127(1,0) 0704.0130(1,0) 0704.0136(5,1) 0704.0140(1,0) 
650 3.56953 : 0704.0011(1,0) 0704.0017(1,0) 0704.0066(1,0) 0704.0070(2,1) 
651 2.7586 : 0704.0011(1,0) 0704.0012(1,0) 0704.0026(1,0) 0704.0061(2,0) 0704.0066(3,0) 0704.0069(2,0) 0704.0112(1,0) 0704.0115(1,0) 0704.0138(1,0) 
652 2.31677 : 0704.0011(1,0) 0704.0012(1,0) 0704.0033(1,0) 0704.0036(3,1) 0704.0037(1,0) 0704.0049(1,0) 0704.0070(1,0) 0704.0072(2,1) 0704.0086(1,0) 0704.0089(1,0) 0704.0093(1,0) 0704.0098(1,0) 0704.0123(1,0) 0704.0131(1,0) 
653 4.95583 : 0704.0011(1,0) 
654 4.26268 : 0704.0011(1,0) 0704.0041(1,0) 
655 4.95583 : 0704.0011(2,0) 
656 4.26268 : 0704.0011(1,0) 0704.0069(1,0) 
657 4.95583 : 0704.0011(2,2) 
658 4.95583 : 0704.0011(2,2) 
659 4.95583 : 0704.0011(1,2) 
660 4.95583 : 0704.0011(1,2) 
661 2.87639 : 0704.0012(3,1) 0704.0031(3,1) 0704.0083(1,0) 0704.0106(1,0) 0704.0107(1,0) 0704.0127(4,0) 0704.0134(1,0) 0704.0139(3,0) 
662 2.87639 : 0704.0012(3,1) 0704.0013(4,1) 0704.0014(1,1) 0704.0037(1,0) 0704.0038(1,0) 0704.0061(1,0) 0704.0072(1,0) 0704.0083(2,0) 
663 3.85721 : 0704.0012(1,1) 0704.0013(3,0) 0704.0061(1,0) 
664 3.56953 : 0704.0012(1,1) 0704.0013(2,0) 0704.0065(2,0) 0704.0142(1,0) 
665 2.31677 : 0704.0012(1,1) 0704.0020(3,1) 0704.0030(2,0) 0704.0039(5,1) 0704.0058(1,0) 0704.0064(3,1) 0704.0067(1,0) 0704.0072(1,0) 0704.0079(1,0) 0704.0081(1,0) 0704.0083(1,0) 0704.0113(1,0) 0704.0116(1,0) 0704.0140(2,0) 
666 3.34639 : 0704.0012(2,1) 0704.0013(3,1) 0704.0057(1,0) 0704.0080(1,0) 0704.0109(2,1) 
667 3.85721 : 0704.0012(2,1) 0704.0013(3,1) 0704.0083(1,0) 
668 4.95583 : 0704.0012(3,1) 
669 4.95583 : 0704.0012(4,1) 
670 2.7586 : 0704.0012(1,0) 0704.0039(1,0) 0704.0050(1,0) 0704.0057(1,0) 0704.0075(1,0) 0704.0083(2,0) 0704.0092(1,0) 0704.0099(1,0) 0704.0120(1,0) 
671 4.95583 : 0704.0012(1,0) 
672 4.95583 : 0704.0012(1,0) 
673 3.34639 : 0704.0012(1,0) 0704.0079(1,0) 0704.0082(1,0) 0704.0100(1,0) 0704.0130(1,0) 
674 3.00992 : 0704.0012(2,0) 0704.0013(1,0) 0704.0066(1,2) 0704.0068(3,1) 0704.0093(1,2) 0704.0133(2,1) 0704.0138(1,0) 
675 3.85721 : 0704.0012(1,0) 0704.0033(1,0) 0704.0079(1,0) 
676 3.56953 : 0704.0012(1,0) 0704.0054(1,0) 0704.0086(1,0) 0704.0099(1,0) 
677 3.56953 : 0704.0012(1,0) 0704.0013(1,0) 0704.0027(1,0) 0704.0128(1,0) 
678 4.95583 : 0704.0012(1,0) 
679 4.95583 : 0704.0012(1,0) 
680 4.26268 : 0704.0012(1,0) 0704.0013(1,0) 
681 4.26268 : 0704.0012(1,0) 0704.0080(2,0) 
682 4.26268 : 0704.0012(1,0) 0704.0066(1,0) 
683 2.87639 : 0704.0012(1,0) 0704.0023(1,0) 0704.0065(2,0) 0704.0085(2,0) 0704.0086(1,0) 0704.0091(1,0) 0704.0099(1,0) 0704.0129(1,0) 
684 3.56953 : 0704.0012(1,0) 0704.0018(1,0) 0704.0036(1,0) 0704.0111(1,0) 
685 4.95583 : 0704.0012(1,0) 
686 4.26268 : 0704.0012(1,0) 0704.0051(2,2) 
687 4.95583 : 0704.0012(1,0) 
688 3.56953 : 0704.0012(1,0) 0704.0013(1,0) 0704.0017(1,0) 0704.0042(1,0) 
689 4.95583 : 0704.0012(2,0) 
690 2.7586 : 0704.0012(1,0) 0704.0037(1,0) 0704.0039(1,0) 0704.0043(1,0) 0704.0061(1,0) 0704.0069(1,0) 0704.0073(1,0) 0704.0086(1,0) 0704.0087(1,0) 
691 3.00992 : 0704.0012(1,0) 0704.0018(1,1) 0704.0040(1,0) 0704.0069(1,0) 0704.0073(3,1) 0704.0086(1,0) 0704.0102(1,0) 
692 4.95583 : 0704.0012(1,0) 
693 3.85721 : 0704.0012(1,0) 0704.0054(1,0) 0704.0105(1,0) 
694 4.26268 : 0704.0012(1,0) 0704.0018(1,0) 
695 4.95583 : 0704.0012(1,0) 
696 4.26268 : 0704.0012(1,0) 0704.0040(1,0) 
697 4.95583 : 0704.0012(1,0) 
698 3.56953 : 0704.0012(1,0) 0704.0046(3,0) 0704.0111(1,0) 0704.0137(1,0) 
699 4.95583 : 0704.0012(1,0) 
700 4.26268 : 0704.0012(2,2) 0704.0013(2,2) 
701 4.26268 : 0704.0012(2,2) 0704.0013(2,2) 
702 4.95583 : 0704.0013(2,1) 
703 3.34639 : 0704.0013(2,1) 0704.0044(1,1) 0704.0055(1,0) 0704.0095(1,0) 0704.0104(1,0) 
704 3.56953 : 0704.0013(2,1) 0704.0041(1,0) 0704.0069(1,0) 0704.0124(1,1) 
705 4.26268 : 0704.0013(2,0) 0704.0104(1,0) 
706 4.26268 : 0704.0013(1,0) 0704.0045(1,0) 
707 4.26268 : 0704.0013(1,0) 0704.0104(2,1) 
708 2.55793 : 0704.0013(1,0) 0704.0024(1,0) 0704.0028(3,1) 0704.0033(3,0) 0704.0044(1,0) 0704.0062(1,0) 0704.0065(1,0) 0704.0067(2,1) 0704.0072(2,0) 0704.0078(2,1) 0704.0122(1,0) 
709 3.56953 : 0704.0013(1,0) 0704.0038(1,0) 0704.0056(1,0) 0704.0090(1,0) 
710 4.95583 : 0704.0013(4,0) 
711 4.95583 : 0704.0013(1,0) 
712 4.95583 : 0704.0013(1,0) 
713 4.26268 : 0704.0013(1,0) 0704.0129(2,1) 
714 4.95583 : 0704.0013(1,0) 
715 3.00992 : 0704.0013(1,0) 0704.0019(1,0) 0704.0022(1,0) 0704.0040(2,1) 0704.0089(1,0) 0704.0095(1,0) 0704.0097(1,0) 
716 3.00992 : 0704.0013(1,0) 0704.0037(1,0) 0704.0039(1,0) 0704.0042(1,0) 0704.0056(1,0) 0704.0066(1,0) 0704.0080(1,0) 
717 2.65324 : 0704.0013(1,0) 0704.0029(1,0) 0704.0065(2,0) 0704.0067(1,0) 0704.0068(3,1) 0704.0085(1,0) 0704.0099(3,1) 0704.0105(1,0) 0704.0106(4,0) 0704.0135(1,0) 
718 2.7586 : 0704.0013(1,0) 0704.0035(1,0) 0704.0070(1,0) 0704.0103(1,0) 0704.0106(1,0) 0704.0119(1,0) 0704.0126(1,0) 0704.0130(1,0) 0704.0134(2,0) 
719 3.00992 : 0704.0013(1,0) 0704.0017(1,0) 0704.0070(1,0) 0704.0084(1,0) 0704.0085(1,0) 0704.0111(1,0) 0704.0127(1,0) 
720 4.95583 : 0704.0013(1,0) 
721 4.95583 : 0704.0013(1,0) 
722 4.95583 : 0704.0013(1,0) 
723 4.95583 : 0704.0013(1,2) 
724 4.95583 : 0704.0013(1,2) 
725 4.95583 : 0704.0014(2,1) 
726 3.34639 : 0704.0014(1,0) 0704.0047(1,0) 0704.0061(1,0) 0704.0063(1,0) 0704.0068(1,0) 
727 3.16407 : 0704.0014(1,0) 0704.0083(1,0) 0704.0085(3,0) 0704.0101(2,1) 0704.0112(1,1) 0704.0116(1,0) 
728 4.26268 : 0704.0014(1,0) 0704.0100(1,1) 
729 3.85721 : 0704.0014(1,0) 0704.0029(1,2) 0704.0075(2,2) 
730 3.56953 : 0704.0014(1,0) 0704.0015(2,0) 0704.0054(1,0) 0704.0072(1,1) 
731 4.95583 : 0704.0014(1,0) 
732 3.56953 : 0704.0014(1,0) 0704.0032(2,0) 0704.0064(1,0) 0704.0120(2,1) 
733 3.00992 : 0704.0014(1,0) 0704.0021(1,0) 0704.0040(1,0) 0704.0083(1,0) 0704.0093(1,0) 0704.0124(2,0) 0704.0127(1,0) 
734 4.95583 : 0704.0014(2,2) 
735 4.95583 : 0704.0014(2,2) 
736 4.95583 : 0704.0015(1,1) 
737 4.95583 : 0704.0015(2,1) 
738 3.85721 : 0704.0015(3,1) 0704.0023(1,0) 0704.0070(1,0) 
739 4.26268 : 0704.0015(3,1) 0704.0055(1,0) 
740 3.56953 : 0704.0015(3,1) 0704.0066(1,0) 0704.0082(4,1) 0704.0122(1,1) 
741 3.56953 : 0704.0015(1,1) 0704.0042(1,0) 0704.0064(3,0) 0704.0126(1,0) 
742 4.26268 : 0704.0015(1,0) 0704.0088(1,0) 
743 3.34639 : 0704.0015(1,0) 0704.0044(1,0) 0704.0059(1,0) 0704.0077(1,0) 0704.0132(1,0) 
744 4.26268 : 0704.0015(1,0) 0704.0065(2,0) 
745 4.95583 : 0704.0015(1,0) 
746 4.26268 : 0704.0015(1,0) 0704.0089(2,0) 
747 4.95583 : 0704.0015(1,0) 
748 4.95583 : 0704.0015(1,0) 
749 3.85721 : 0704.0015(1,0) 0704.0046(1,0) 0704.0073(1,0) 
750 3.56953 : 0704.0015(1,0) 0704.0054(1,0) 0704.0061(1,0) 0704.0074(1,0) 
751 4.95583 : 0704.0015(1,0) 
752 4.26268 : 0704.0015(1,0) 0704.0045(1,0) 
753 4.26268 : 0704.0015(1,0) 0704.0085(1,0) 
754 3.34639 : 0704.0015(2,0) 0704.0064(2,0) 0704.0096(2,0) 0704.0106(1,0) 0704.0114(2,1) 
755 3.85721 : 0704.0015(1,0) 0704.0082(1,0) 0704.0105(1,0) 
756 4.95583 : 0704.0015(1,0) 
757 2.55793 : 0704.0015(1,0) 0704.0025(1,0) 0704.0036(7,1) 0704.0040(1,0) 0704.0051(1,0) 0704.0060(1,0) 0704.0086(1,0) 0704.0105(1,0) 0704.0119(1,0) 0704.0123(2,0) 0704.0127(1,0) 
758 4.26268 : 0704.0015(2,2) 0704.0048(1,2) 
759 4.95583 : 0704.0015(2,2) 
760 4.95583 : 0704.0016(1,1) 
761 4.95583 : 0704.0016(2,1) 
762 4.26268 : 0704.0016(2,1) 0704.0075(3,1) 
763 4.26268 : 0704.0016(2,1) 0704.0075(4,1) 
764 4.26268 : 0704.0016(2,0) 0704.0080(1,0) 
765 4.26268 : 0704.0016(2,0) 0704.0126(1,2) 
766 4.95583 : 0704.0016(3,0) 
767 4.95583 : 0704.0016(1,0) 
768 4.95583 : 0704.0016(1,0) 
769 4.95583 : 0704.0016(1,0) 
770 3.34639 : 0704.0016(1,0) 0704.0027(2,0) 0704.0048(1,0) 0704.0109(1,0) 0704.0123(1,0) 
771 4.95583 : 0704.0016(1,0) 
772 4.95583 : 0704.0016(1,0) 
773 4.26268 : 0704.0016(1,0) 0704.0020(2,1) 
774 3.00992 : 0704.0016(1,0) 0704.0079(2,0) 0704.0082(1,0) 0704.0083(1,0) 0704.0098(1,0) 0704.0099(1,0) 0704.0130(2,0) 
775 3.16407 : 0704.0016(1,0) 0704.0043(1,0) 0704.0054(1,0) 0704.0065(1,0) 0704.0091(1,0) 0704.0098(1,0) 
776 4.26268 : 0704.0016(1,0) 0704.0085(1,0) 
777 3.85721 : 0704.0016(1,0) 0704.0081(1,1) 0704.0094(1,0) 
778 3.56953 : 0704.0016(1,0) 0704.0037(1,0) 0704.0045(1,0) 0704.0059(1,0) 
779 2.55793 : 0704.0016(1,0) 0704.0017(2,0) 0704.0055(1,0) 0704.0059(1,0) 0704.0082(1,0) 0704.0094(2,0) 0704.0128(1,0) 0704.0136(1,0) 0704.0137(1,0) 0704.0141(2,1) 0704.0142(1,0) 
780 4.95583 : 0704.0016(1,0) 
781 4.95583 : 0704.0016(1,0) 
782 2.24778 : 0704.0016(1,0) 0704.0018(1,0) 0704.0027(2,0) 0704.0029(1,0) 0704.0036(1,0) 0704.0049(1,0) 0704.0050(2,0) 0704.0051(1,0) 0704.0053(1,0) 0704.0062(1,0) 0704.0067(1,0) 0704.0074(1,0) 0704.0089(3,0) 0704.0090(2,0) 0704.0135(3,0) 
783 4.95583 : 0704.0016(1,0) 
784 3.00992 : 0704.0016(1,0) 0704.0023(1,0) 0704.0055(1,0) 0704.0067(1,0) 0704.0094(1,0) 0704.0114(1,0) 0704.0126(1,0) 
785 3.34639 : 0704.0016(1,0) 0704.0030(1,0) 0704.0037(2,1) 0704.0039(1,0) 0704.0060(1,0) 
786 4.95583 : 0704.0016(1,0) 
787 4.95583 : 0704.0016(2,0) 
788 3.56953 : 0704.0016(1,0) 0704.0020(1,1) 0704.0034(1,1) 0704.0120(1,0) 
789 4.26268 : 0704.0016(1,0) 0704.0039(1,0) 
790 3.56953 : 0704.0016(1,0) 0704.0058(1,0) 0704.0094(2,0) 0704.0142(1,0) 
791 4.26268 : 0704.0016(1,0) 0704.0064(1,0) 
792 3.16407 : 0704.0016(1,0) 0704.0032(1,0) 0704.0038(1,0) 0704.0063(1,0) 0704.0089(1,0) 0704.0113(1,0) 
793 3.85721 : 0704.0016(2,0) 0704.0063(1,0) 0704.0120(2,0) 
794 2.55793 : 0704.0016(1,0) 0704.0022(1,0) 0704.0036(2,0) 0704.0058(3,0) 0704.0069(1,0) 0704.0072(1,0) 0704.0080(1,0) 0704.0094(1,0) 0704.0117(1,0) 0704.0132(1,0) 0704.0139(1,0) 
795 3.16407 : 0704.0016(1,0) 0704.0022(1,0) 0704.0043(1,0) 0704.0048(1,0) 0704.0076(1,0) 0704.0128(1,0) 
796 4.26268 : 0704.0016(1,0) 0704.0126(1,0) 
797 4.26268 : 0704.0016(1,0) 0704.0123(1,0) 
798 3.34639 : 0704.0016(1,0) 0704.0020(1,0) 0704.0039(2,0) 0704.0089(1,0) 0704.0103(1,0) 
799 4.26268 : 0704.0016(1,0) 0704.0020(1,2) 
800 2.55793 : 0704.0016(1,0) 0704.0036(5,0) 0704.0043(1,0) 0704.0044(1,0) 0704.0049(1,0) 0704.0075(1,0) 0704.0083(1,1) 0704.0087(1,0) 0704.0100(2,0) 0704.0105(1,0) 0704.0136(1,0) 
